"TOA5","Wind","CR200X","No_SN","CR200X.Std.01","Wind Monitoring2.CR2","57348","WindData"
"TIMESTAMP","RECORD","battVolt","windRun","windSpeed","windSpeed_Min","windSpeed_Max","windSpeed_Avg","windDir_Avg","windDir_stdDev"
"TS","RN","","","","","","","",""
"","","Smp","Smp","Smp","Min","Max","WVc","WVc","WVc"
"2016-05-03 12:50:00",51267,13.15485,1.258914E+008,8.900001,3.8,14.2,8.453832,0,0
"2016-05-03 13:00:00",51268,13.08014,1.258964E+008,10.9,4.3,13.6,8.733163,0,0
"2016-05-03 13:10:00",51269,13.10364,1.259014E+008,8.7,4.3,15.6,8.946339,0,0
"2016-05-03 13:20:00",51270,13.09692,1.259073E+008,7.7,5.6,17.9,10.26784,0,0
"2016-05-03 13:30:00",51271,13.58212,1.259124E+008,9,4.7,14.6,9.246329,0,0
"2016-05-03 13:40:00",51272,13.40836,1.259172E+008,6.5,3.8,11.2,8.056999,0,0
"2016-05-03 13:50:00",51273,13.20521,1.25922E+008,7.4,4.8,11.1,7.449836,328.9131,12.00016
"2016-05-03 14:00:00",51274,13.10868,1.259268E+008,6.2,4.5,9.1,6.532996,0,0
"2016-05-03 14:10:00",51275,13.10364,1.259314E+008,5.9,3.3,11.8,7.136002,0,0
"2016-05-03 14:20:00",51276,13.07846,1.259362E+008,6.9,3.4,9.400001,6.119834,0,0
"2016-05-03 14:30:00",51277,13.10196,1.25941E+008,7,4.7,12,7.505668,328.6428,11.84659
"2016-05-03 14:40:00",51278,13.222,1.259456E+008,7.4,2.2,11.5,7.209002,0,0
"2016-05-03 14:50:00",51279,13.22536,1.259504E+008,7.8,4,11.6,7.460326,0,0
"2016-05-03 15:00:00",51280,13.18507,1.259552E+008,7.3,3.9,11.1,7.47617,329.4905,10.56108
"2016-05-03 15:10:00",51281,13.18255,1.2596E+008,7.8,4.8,11.3,8.261334,323.8068,11.88382
"2016-05-03 15:20:00",51282,13.05747,1.259648E+008,8.5,4.5,10,7.239998,303.4225,13.18642
"2016-05-03 15:30:00",51283,13.00543,1.259697E+008,9.5,5,12.7,8.430161,300.0636,10.50093
"2016-05-03 15:40:00",51284,13.02222,1.259745E+008,7.8,4.5,13.1,8.224662,299.9669,11.11483
"2016-05-03 15:50:00",51285,12.98612,1.259793E+008,7.4,4.8,11.3,7.849834,298.9945,10.71068
"2016-05-03 16:00:00",51286,12.92232,1.259841E+008,9.6,4.8,10.8,7.529835,298.5714,10.30489
"2016-05-03 16:10:00",51287,12.89462,1.259889E+008,8.1,5.3,12.4,8.451497,307.8478,13.07427
"2016-05-03 16:20:00",51288,12.88119,1.259941E+008,10.2,5.7,14.2,9.968176,312.7926,12.6236
"2016-05-03 16:30:00",51289,12.86524,1.259992E+008,10.4,6.4,14.1,9.701169,322.9319,12.10272
"2016-05-03 16:40:00",51290,12.84593,1.260056E+008,8.8,6.8,17.3,11.37351,322.9396,10.50989
"2016-05-03 16:50:00",51291,12.83586,1.260107E+008,7.5,4.4,14.1,8.792998,304.5863,11.9356
"2016-05-03 17:00:00",51292,12.84761,1.260154E+008,6.7,4,9.400001,6.668163,296.0399,11.89498
"2016-05-03 17:10:00",51293,12.8132,1.260202E+008,7.1,3.9,10.5,6.685332,307.7651,12.14914
"2016-05-03 17:20:00",51294,12.80732,1.260252E+008,8.900001,6.2,13.8,9.46617,304.7332,11.38957
"2016-05-03 17:30:00",51295,12.77038,1.260302E+008,6.6,4.9,13.4,9.115664,311.5137,10.75686
"2016-05-03 17:40:00",51296,12.76451,1.26035E+008,6.3,4.5,11,7.508834,307.7878,13.45871
"2016-05-03 17:50:00",51297,12.7452,1.260399E+008,11.4,5.2,13.4,8.596999,314.076,11.94421
"2016-05-03 18:00:00",51298,12.73764,1.26046E+008,15,7,15.7,10.85799,318.5724,12.53876
"2016-05-03 18:10:00",51299,12.73177,1.26052E+008,11.9,6.1,17.1,11.0095,315.0669,12.26811
"2016-05-03 18:20:00",51300,12.71582,1.260578E+008,7.6,5.7,15.6,10.36451,0,0
"2016-05-03 18:30:00",51301,12.72254,1.260626E+008,8.5,6.1,13.3,9.009665,327.3518,12.19493
"2016-05-03 18:40:00",51302,12.70994,1.260674E+008,7.3,4.5,10.9,7.629332,0,0
"2016-05-03 18:50:00",51303,12.70491,1.260724E+008,7.8,5,13.9,8.833666,0,0
"2016-05-03 19:00:00",51304,12.69399,1.260776E+008,11,6.2,14.6,9.880997,0,0
"2016-05-03 19:10:00",51305,12.69399,1.260826E+008,5.3,5.3,15,9.560331,0,0
"2016-05-03 19:20:00",51306,12.68896,1.260876E+008,7.9,4.1,13.8,8.604833,0,0
"2016-05-03 19:30:00",51307,12.6856,1.260926E+008,9.6,4.8,15.6,8.353339,0,0
"2016-05-03 19:40:00",51308,12.69148,1.260977E+008,11.7,5.9,14.4,9.575499,0,0
"2016-05-03 19:50:00",51309,12.6814,1.261041E+008,9.2,6.6,15.6,11.1905,315.5401,13.13286
"2016-05-03 20:00:00",51310,12.67972,1.261091E+008,8.1,4.8,13.6,8.781331,0,0
"2016-05-03 20:10:00",51311,12.66965,1.261139E+008,7.1,5.6,14.5,8.657836,314.8419,14.44255
"2016-05-03 20:20:00",51312,12.66713,1.261187E+008,7.2,4.3,12.1,8.280166,299.482,11.63099
"2016-05-03 20:30:00",51313,12.66713,1.261238E+008,7.9,5.2,14.1,9.060664,286.4313,11.19125
"2016-05-03 20:40:00",51314,12.66629,1.261286E+008,8.2,3.8,10.6,6.730835,296.3209,11.83817
"2016-05-03 20:50:00",51315,12.66293,1.261333E+008,7.2,3.3,10.6,5.929836,303.9494,15.89399
"2016-05-03 21:00:00",51316,12.6537,1.261381E+008,7.4,4.6,11.5,7.518165,322.986,14.93885
"2016-05-03 21:10:00",51317,12.65622,1.261428E+008,6.2,3.7,10.1,6.6595,0,0
"2016-05-03 21:20:00",51318,12.6579,1.261476E+008,6.8,4,10.8,6.775667,0,0
"2016-05-03 21:30:00",51319,12.65958,1.261523E+008,7.5,3.4,10.9,6.822,0,0
"2016-05-03 21:40:00",51320,12.65034,1.261578E+008,11.6,5.6,16.1,9.874831,0,0
"2016-05-03 21:50:00",51321,12.64363,1.261629E+008,10.2,4.8,14,9.437335,0,0
"2016-05-03 22:00:00",51322,12.64111,1.261682E+008,9.5,4.5,15.5,9.508502,0,0
"2016-05-03 22:10:00",51323,12.65286,1.261734E+008,10.1,5,15,9.585663,0,0
"2016-05-03 22:20:00",51324,12.64866,1.261782E+008,4.8,3.6,10.5,6.495335,0,0
"2016-05-03 22:30:00",51325,12.64195,1.26183E+008,6.6,4.3,11.1,6.90334,0,0
"2016-05-03 22:40:00",51326,12.64531,1.261878E+008,6,4.1,10.6,6.403332,0,0
"2016-05-03 22:50:00",51327,12.64111,1.261925E+008,5.4,3.4,8.6,6.053499,0,0
"2016-05-03 23:00:00",51328,12.63104,1.261972E+008,5.1,3.4,9.7,6.170168,0,0
"2016-05-03 23:10:00",51329,12.63188,1.262016E+008,4.9,2.8,10.6,5.646663,0,0
"2016-05-03 23:20:00",51330,12.63775,1.262059E+008,5,2.3,9.6,5.600166,0,0
"2016-05-03 23:30:00",51331,12.62768,1.262105E+008,6.8,1.8,11.9,6.498664,0,0
"2016-05-03 23:40:00",51332,12.62684,1.262153E+008,7.2,4.5,13.1,7.965003,0,0
"2016-05-03 23:50:00",51333,12.62348,1.262198E+008,4.9,3.2,8.1,5.416999,0,0
"2016-05-04 00:00:00",51334,12.62852,1.262245E+008,8.3,2.9,14.2,6.334666,0,0
"2016-05-04 00:10:00",51335,12.61509,1.262306E+008,9.900001,6.2,15.9,10.8255,0,0
"2016-05-04 00:20:00",51336,12.61928,1.262356E+008,7.3,6.2,13.7,9.300499,318.9687,12.18139
"2016-05-04 00:30:00",51337,12.6218,1.262404E+008,8.8,4.8,11.7,7.986168,319.1898,12.18804
"2016-05-04 00:40:00",51338,12.61509,1.262453E+008,6.5,4,13.4,8.861831,320.2397,13.62636
"2016-05-04 00:50:00",51339,12.61761,1.262508E+008,9.400001,4,17.7,9.166172,0,0
"2016-05-04 01:00:00",51340,12.62012,1.26258E+008,11.6,7.6,20.5,12.21184,313.0287,14.89073
"2016-05-04 01:10:00",51341,12.60501,1.26263E+008,7.1,4,14,8.758508,296.93,12.90027
"2016-05-04 01:20:00",51342,12.61761,1.262678E+008,7.9,3.1,10.1,6.675334,284.9714,12.64628
"2016-05-04 01:30:00",51343,12.60585,1.262724E+008,6.9,2.5,9.6,6.396503,283.9393,14.1599
"2016-05-04 01:40:00",51344,12.61425,1.262771E+008,4.5,3.7,11.4,6.793833,281.0326,13.57384
"2016-05-04 01:50:00",51345,12.60417,1.262816E+008,5.9,2.8,8.7,6.043836,256.1108,14.33515
"2016-05-04 02:00:00",51346,12.60082,1.262855E+008,4.5,2.2,7.6,5.006334,265.1181,13.34211
"2016-05-04 02:10:00",51347,12.60166,1.262901E+008,6.5,2.8,12.6,6.805163,264.7175,23.18454
"2016-05-04 02:20:00",51348,12.59578,1.262946E+008,7.9,3.2,10.1,6.255164,277.3486,14.00735
"2016-05-04 02:30:00",51349,12.58739,1.262994E+008,7.4,3.2,10.9,7.126999,288.8861,11.9604
"2016-05-04 02:40:00",51350,12.5941,1.263047E+008,10.6,4.8,15.6,9.639834,296.8645,11.34936
"2016-05-04 02:50:00",51351,12.58655,1.263096E+008,8.8,5.9,13.2,9.001168,303.2155,11.88813
"2016-05-04 03:00:00",51352,12.59326,1.263146E+008,8.6,5.7,13.8,8.92916,297.88,9.759037
"2016-05-04 03:10:00",51353,12.57479,1.263194E+008,8.1,4.5,10.8,7.121837,0,0
"2016-05-04 03:20:00",51354,12.57815,1.263242E+008,6.1,4.3,11.1,7.252332,322.4321,12.67249
"2016-05-04 03:30:00",51355,12.58319,1.263283E+008,7,2.8,8.6,5.055668,0,0
"2016-05-04 03:40:00",51356,12.56052,1.263331E+008,6.8,3.7,11.2,6.798164,0,0
"2016-05-04 03:50:00",51357,12.57563,1.263379E+008,6.1,5.3,11,7.931165,311.6096,12.62853
"2016-05-04 04:00:00",51358,12.56892,1.263427E+008,7.8,4.9,12.7,8.686337,302.9714,12.60375
"2016-05-04 04:10:00",51359,12.57395,1.263476E+008,8.2,6.2,12.7,9.336837,318.8478,11.01488
"2016-05-04 04:20:00",51360,12.55884,1.263525E+008,8.8,5.1,14.2,7.961164,0,0
"2016-05-04 04:30:00",51361,12.56892,1.263573E+008,6.8,5.4,12.3,8.611168,320.9359,11.89306
"2016-05-04 04:40:00",51362,12.55465,1.263621E+008,6.4,5.5,12.5,8.53984,321.5652,13.27662
"2016-05-04 04:50:00",51363,12.55968,1.263669E+008,10.7,5,11.8,8.049833,0,0
"2016-05-04 05:00:00",51364,12.54877,1.263711E+008,4.9,2.3,11.9,6.422333,0,0
"2016-05-04 05:10:00",51365,12.54038,1.263742E+008,5.3,2.3,6.7,4.368501,0,0
"2016-05-04 05:20:00",51366,12.54457,1.263788E+008,6.7,3.4,9.400001,5.917498,322.4616,13.98409
"2016-05-04 05:30:00",51367,12.53618,1.26383E+008,8.400001,2.4,9.3,5.619335,0,0
"2016-05-04 05:40:00",51368,12.53618,1.263877E+008,11.2,2.9,13,6.691003,0,0
"2016-05-04 05:50:00",51369,12.53618,1.263924E+008,5.2,3.4,12.9,7.026167,0,0
"2016-05-04 06:00:00",51370,12.5387,1.263972E+008,6.8,4,12.3,8.029504,0,0
"2016-05-04 06:10:00",51371,12.52862,1.264019E+008,6.1,3.3,11.1,6.030001,329.1621,11.52567
"2016-05-04 06:20:00",51372,12.52779,1.264053E+008,4.7,2.6,8.3,4.753666,0,0
"2016-05-04 06:30:00",51373,12.52023,1.264083E+008,4.3,2.6,6.9,4.305998,0,0
"2016-05-04 06:40:00",51374,12.52191,1.264126E+008,5.5,3,10.7,5.783499,309.4005,13.02888
"2016-05-04 06:50:00",51375,12.51687,1.264174E+008,5.9,3.8,9.8,6.512998,312.3619,13.6021
"2016-05-04 07:00:00",51376,12.50848,1.264207E+008,4.4,2.5,9.2,4.895998,0,0
"2016-05-04 07:10:00",51377,12.51939,1.264234E+008,4.8,2.6,6.4,4.155669,0,0
"2016-05-04 07:20:00",51378,12.52779,1.264276E+008,4.5,2.9,7.6,4.948835,0,0
"2016-05-04 07:30:00",51379,12.55381,1.264315E+008,6.5,3,6.6,4.764164,323.8838,11.30914
"2016-05-04 07:40:00",51380,12.57228,1.264363E+008,5.5,4.8,9.5,6.743832,317.5345,12.05402
"2016-05-04 07:50:00",51381,12.58487,1.264411E+008,7.2,4.4,8.900001,6.689666,331.0173,9.811475
"2016-05-04 08:00:00",51382,13.19094,1.264459E+008,5.8,4.3,8.6,6.462835,331.9005,9.986038
"2016-05-04 08:10:00",51383,13.7861,1.264507E+008,6.6,4.4,8.7,6.100168,326.6912,11.40779
"2016-05-04 08:20:00",51384,13.34456,1.264554E+008,5,3.9,9.400001,6.222836,324.202,12.2534
"2016-05-04 08:30:00",51385,13.66271,1.264602E+008,6.2,4.3,12,7.339833,0,0
"2016-05-04 08:40:00",51386,13.73406,1.26465E+008,8.7,4,11.9,6.660501,0,0
"2016-05-04 08:50:00",51387,14.76153,1.2647E+008,9.3,5.9,13.6,9.461667,316.3512,11.24424
"2016-05-04 09:00:00",51388,14.7439,1.264748E+008,8.6,6.1,12.2,8.676833,319.6441,9.78928
"2016-05-04 09:10:00",51389,14.73299,1.264796E+008,7.1,5.5,11.3,7.898001,0,0
"2016-05-04 09:20:00",51390,14.72879,1.264844E+008,6.4,5.6,11.4,8.099001,324.9497,11.66779
"2016-05-04 09:30:00",51391,14.69018,1.264892E+008,9.8,5.6,12.3,8.629663,319.4311,11.69474
"2016-05-04 09:40:00",51392,14.71956,1.26494E+008,8.900001,5.7,11.7,8.545157,0,0
"2016-05-04 09:50:00",51393,14.09922,1.264988E+008,7.3,5.2,11.2,7.883333,327.9051,10.15435
"2016-05-04 10:00:00",51394,13.7584,1.265036E+008,6.8,4.5,10.8,7.394169,0,0
"2016-05-04 10:10:00",51395,14.17225,1.265084E+008,7.4,4.5,11.8,7.734003,0,0
"2016-05-04 10:20:00",51396,14.68682,1.265133E+008,9.5,5.5,12.8,8.51933,0,0
"2016-05-04 10:30:00",51397,14.69186,1.265181E+008,8.900001,6.1,11.9,8.620835,327.2432,12.10687
"2016-05-04 10:40:00",51398,13.9179,1.265231E+008,10.3,5.2,14.3,9.380991,315.8089,14.90498
"2016-05-04 10:50:00",51399,14.34097,1.265282E+008,6.4,5.4,13.9,9.02816,0,0
"2016-05-04 11:00:00",51400,14.70361,1.26533E+008,10.9,5.6,12.5,8.859833,0,0
"2016-05-04 11:10:00",51401,14.69354,1.265379E+008,10.3,5.9,12.5,8.74717,0,0
"2016-05-04 11:20:00",51402,14.51893,1.265427E+008,9.8,5.3,11.7,8.13833,0,0
"2016-05-04 11:30:00",51403,14.70193,1.265475E+008,9,5.5,12.5,8.327995,0,0
"2016-05-04 11:40:00",51404,14.66752,1.265523E+008,9,5.8,12.3,8.379665,0,0
"2016-05-04 11:50:00",51405,14.70361,1.265571E+008,6.5,5.6,12.1,8.895832,0,0
"2016-05-04 12:00:00",51406,14.67003,1.26562E+008,8.3,5.1,13.5,8.668166,0,0
"2016-05-04 12:10:00",51407,14.65996,1.265668E+008,5,5,13,8.210998,0,0
"2016-05-04 12:20:00",51408,14.69857,1.265716E+008,6.9,4.4,11.1,7.627168,0,0
"2016-05-04 12:30:00",51409,14.6608,1.265764E+008,10.9,5.2,12.4,8.732831,0,0
"2016-05-04 12:40:00",51410,14.68934,1.265815E+008,7.1,5.6,15.3,9.053173,0,0
"2016-05-04 12:50:00",51411,14.64821,1.265863E+008,8.8,5.7,12,8.503331,0,0
"2016-05-04 13:00:00",51412,14.6566,1.265911E+008,6.2,5.6,12.2,8.435998,0,0
"2016-05-04 13:10:00",51413,14.65073,1.265959E+008,9.400001,5.1,12.2,8.218331,0,0
"2016-05-04 13:20:00",51414,14.24192,1.266007E+008,7.7,4.6,11.9,7.603003,0,0
"2016-05-04 13:30:00",51415,14.69102,1.266055E+008,8.2,4.4,11,7.431834,0,0
"2016-05-04 13:40:00",51416,14.68347,1.266103E+008,5.9,4.4,11.1,7.502833,0,0
"2016-05-04 13:50:00",51417,13.92041,1.266151E+008,6.7,4.3,10,6.991998,0,0
"2016-05-04 14:00:00",51418,14.65408,1.266198E+008,6.9,3.2,12.3,6.564836,0,0
"2016-05-04 14:10:00",51419,14.65996,1.266246E+008,5.4,3.7,10.7,6.711835,0,0
"2016-05-04 14:20:00",51420,14.70361,1.266294E+008,9.5,3.7,10.6,7.433337,0,0
"2016-05-04 14:30:00",51421,13.82808,1.266345E+008,12.9,4.7,14.9,9.125666,0,0
"2016-05-04 14:40:00",51422,13.68369,1.266393E+008,7.1,5,13.1,7.917,0,0
"2016-05-04 14:50:00",51423,14.70025,1.266442E+008,9.2,4.2,12.8,7.419333,0,0
"2016-05-04 15:00:00",51424,14.65996,1.26649E+008,8.6,6,12.5,8.889668,0,0
"2016-05-04 15:10:00",51425,14.68598,1.266539E+008,7.7,4.7,13.7,8.294834,0,0
"2016-05-04 15:20:00",51426,14.65828,1.266588E+008,10.2,4.4,13.7,8.375169,0,0
"2016-05-04 15:30:00",51427,14.67255,1.266638E+008,10.5,4.1,15,9.221495,0,0
"2016-05-04 15:40:00",51428,13.75169,1.266688E+008,10.4,4.2,13.9,8.700169,0,0
"2016-05-04 15:50:00",51429,13.58632,1.266736E+008,7.7,4.6,11.8,7.824503,0,0
"2016-05-04 16:00:00",51430,13.69209,1.266783E+008,5.5,3.8,11,7.4615,0,0
"2016-05-04 16:10:00",51431,13.45704,1.266832E+008,5.7,4.2,13,7.473167,0,0
"2016-05-04 16:20:00",51432,13.3689,1.26688E+008,6.2,4.1,11.8,6.962166,0,0
"2016-05-04 16:30:00",51433,13.24299,1.266927E+008,8.8,2.9,12.2,7.243996,0,0
"2016-05-04 16:40:00",51434,13.18674,1.266975E+008,5.2,3.9,13.1,7.758997,0,0
"2016-05-04 16:50:00",51435,13.13554,1.267023E+008,6.4,3.4,12.2,6.707336,0,0
"2016-05-04 17:00:00",51436,13.09357,1.267071E+008,6.3,3.8,11.4,7.29316,0,0
"2016-05-04 17:10:00",51437,13.07846,1.267119E+008,6.1,3.5,14.2,6.917503,0,0
"2016-05-04 17:20:00",51438,13.05831,1.267167E+008,7.5,3.4,12.4,7.291,0,0
"2016-05-04 17:30:00",51439,13.04152,1.267216E+008,9.3,3.4,15.1,7.570671,0,0
"2016-05-04 17:40:00",51440,13.01382,1.267266E+008,7.3,4.6,13.7,8.564671,0,0
"2016-05-04 17:50:00",51441,13.01298,1.267315E+008,8.2,3.6,13.5,8.800999,0,0
"2016-05-04 18:00:00",51442,13.02222,1.267362E+008,5.7,2.8,12.9,6.457668,0,0
"2016-05-04 18:10:00",51443,13.00878,1.267405E+008,6.1,2.7,9.400001,5.676664,0,0
"2016-05-04 18:20:00",51444,12.99955,1.267451E+008,5.2,2.4,10.1,5.91167,0,0
"2016-05-04 18:30:00",51445,12.9878,1.2675E+008,8.1,4.1,14.1,7.785002,0,0
"2016-05-04 18:40:00",51446,12.98696,1.267548E+008,6.3,4,12.4,7.192165,0,0
"2016-05-04 18:50:00",51447,12.98192,1.267594E+008,5.8,2.2,11.8,6.933002,0,0
"2016-05-04 19:00:00",51448,12.98024,1.267637E+008,2.3,2.1,12.8,6.704666,0,0
"2016-05-04 19:10:00",51449,12.97101,1.267682E+008,8.1,2.2,12.9,6.775,0,0
"2016-05-04 19:20:00",51450,12.96346,1.267728E+008,4.1,2.7,12.9,6.243502,0,0
"2016-05-04 19:30:00",51451,12.96849,1.267771E+008,6.7,1.8,10.7,5.947999,0,0
"2016-05-04 19:40:00",51452,12.95842,1.267814E+008,5.2,2.1,10.9,6.06917,0,0
"2016-05-04 19:50:00",51453,12.95422,1.267858E+008,5.3,2.7,10.8,6.377335,0,0
"2016-05-04 20:00:00",51454,12.95422,1.267899E+008,7.1,2.1,9.6,5.316834,0,0
"2016-05-04 20:10:00",51455,12.95758,1.267945E+008,6.4,2.3,14.7,6.808334,0,0
"2016-05-04 20:20:00",51456,12.95254,1.267992E+008,4.5,2.9,10.3,5.761833,0,0
"2016-05-04 20:30:00",51457,12.93323,1.268038E+008,9.900001,2.8,12.9,6.381998,0,0
"2016-05-04 20:40:00",51458,12.94079,1.268085E+008,6.7,3.2,13.8,6.952664,0,0
"2016-05-04 20:50:00",51459,12.93491,1.26813E+008,6.2,3.4,11.2,6.767666,0,0
"2016-05-04 21:00:00",51460,12.92988,1.268177E+008,7.7,3.3,12.6,7.163334,0,0
"2016-05-04 21:10:00",51461,12.93156,1.268223E+008,8.3,2.6,10.7,6.624,0,0
"2016-05-04 21:20:00",51462,12.92904,1.268273E+008,11.3,3.7,15.4,8.162333,0,0
"2016-05-04 21:30:00",51463,12.93407,1.268321E+008,6.6,3.6,11.7,7.132331,0,0
"2016-05-04 21:40:00",51464,12.92064,1.268364E+008,6,2.8,12.5,6.100498,0,0
"2016-05-04 21:50:00",51465,12.91812,1.268408E+008,4.7,2.2,10.6,5.869164,0,0
"2016-05-04 22:00:00",51466,12.91896,1.268451E+008,4.2,1.5,11.2,5.810334,0,0
"2016-05-04 22:10:00",51467,12.9198,1.268493E+008,7.8,2.3,9.7,5.777166,0,0
"2016-05-04 22:20:00",51468,12.91812,1.268527E+008,5.3,2,8.6,4.714668,0,0
"2016-05-04 22:30:00",51469,12.91225,1.268564E+008,7.4,2.3,11.7,5.815834,0,0
"2016-05-04 22:40:00",51470,12.91309,1.268612E+008,5,3.1,13.3,6.735833,0,0
"2016-05-04 22:50:00",51471,12.91645,1.268659E+008,7.6,3.2,11.1,6.849003,0,0
"2016-05-04 23:00:00",51472,12.91309,1.268704E+008,4.9,2.6,10.8,6.487668,0,0
"2016-05-04 23:10:00",51473,12.91561,1.268745E+008,4.7,2.4,10.6,5.402831,0,0
"2016-05-04 23:20:00",51474,12.90553,1.268788E+008,3.5,1.6,10.1,5.981666,0,0
"2016-05-04 23:30:00",51475,12.89966,1.268835E+008,8.900001,2.9,13.8,6.714332,0,0
"2016-05-04 23:40:00",51476,12.89966,1.268883E+008,5.3,3.9,12.3,7.053662,0,0
"2016-05-04 23:50:00",51477,12.90301,1.268929E+008,4.5,2.6,13.5,6.741668,0,0
"2016-05-05 00:00:00",51478,12.89798,1.268975E+008,11.3,3,13.8,6.731499,0,0
"2016-05-05 00:10:00",51479,12.89126,1.269022E+008,8.1,2.2,11.8,6.72667,0,0
"2016-05-05 00:20:00",51480,12.88958,1.269072E+008,9.900001,3.1,14.4,8.380168,0,0
"2016-05-05 00:30:00",51481,12.89462,1.269119E+008,8.2,3,13.3,7.156166,0,0
"2016-05-05 00:40:00",51482,12.8921,1.269169E+008,6,3.7,15,7.889329,0,0
"2016-05-05 00:50:00",51483,12.89798,1.269215E+008,4.9,2.5,13.8,7.229332,0,0
"2016-05-05 01:00:00",51484,12.88706,1.26926E+008,8.7,1.5,14.4,6.874499,0,0
"2016-05-05 01:10:00",51485,12.89294,1.269304E+008,5.2,1.7,13.5,6.497502,0,0
"2016-05-05 01:20:00",51486,12.89294,1.269345E+008,1.8,1.5,11.1,5.489501,0,0
"2016-05-05 01:30:00",51487,12.88119,1.269378E+008,7.1,0.9,10.5,4.645834,0,0
"2016-05-05 01:40:00",51488,12.88119,1.269424E+008,3.7,2.8,12.5,6.336003,0,0
"2016-05-05 01:50:00",51489,12.87951,1.269471E+008,8.5,2.8,14.1,7.855999,0,0
"2016-05-05 02:00:00",51490,12.87867,1.269515E+008,6.1,3.4,13.7,6.394835,0,0
"2016-05-05 02:10:00",51491,12.88203,1.269559E+008,4,2.4,9.6,5.648334,0,0
"2016-05-05 02:20:00",51492,12.87363,1.269601E+008,7.4,2.2,9.7,5.307,0,0
"2016-05-05 02:30:00",51493,12.8728,1.269645E+008,7.2,2.6,11.2,6.391834,0,0
"2016-05-05 02:40:00",51494,12.87867,1.269694E+008,10.7,4.2,13.1,7.569168,0,0
"2016-05-05 02:50:00",51495,12.87195,1.269745E+008,7.4,4.6,14,8.711167,0,0
"2016-05-05 03:00:00",51496,12.8686,1.269797E+008,8,3.9,17.6,8.745004,0,0
"2016-05-05 03:10:00",51497,12.87363,1.269846E+008,6.4,4.1,15.6,7.889834,0,0
"2016-05-05 03:20:00",51498,12.87363,1.269894E+008,4.8,3.7,11.4,6.779499,0,0
"2016-05-05 03:30:00",51499,12.86692,1.269936E+008,10.3,2.5,10.9,5.518332,0,0
"2016-05-05 03:40:00",51500,12.87363,1.269986E+008,9.1,5.3,14.1,9.105167,0,0
"2016-05-05 03:50:00",51501,12.86188,1.270036E+008,9.2,4.4,14.7,8.498999,0,0
"2016-05-05 04:00:00",51502,12.87195,1.270083E+008,5.7,3.1,13.8,7.188169,0,0
"2016-05-05 04:10:00",51503,12.86944,1.270131E+008,6.8,3.4,12.3,7.2135,0,0
"2016-05-05 04:20:00",51504,12.85769,1.27018E+008,11.5,4.3,15.4,7.549667,0,0
"2016-05-05 04:30:00",51505,12.86692,1.27023E+008,5,3.9,14.2,8.324838,0,0
"2016-05-05 04:40:00",51506,12.86608,1.270277E+008,7.5,3.4,11.8,6.840002,0,0
"2016-05-05 04:50:00",51507,12.86272,1.270331E+008,10.3,4.6,16.2,9.335167,0,0
"2016-05-05 05:00:00",51508,12.84845,1.27038E+008,8,4.3,12.5,8.140332,0,0
"2016-05-05 05:10:00",51509,12.85936,1.27043E+008,6.4,3.5,14.8,8.080337,0,0
"2016-05-05 05:20:00",51510,12.84677,1.270478E+008,6.2,3.8,13.9,7.620671,0,0
"2016-05-05 05:30:00",51511,12.85265,1.270525E+008,5.5,3.2,10.9,6.543168,0,0
"2016-05-05 05:40:00",51512,12.85517,1.270571E+008,7.2,3.2,13.3,6.988166,0,0
"2016-05-05 05:50:00",51513,12.85265,1.270618E+008,7.4,2,9.7,6.473832,0,0
"2016-05-05 06:00:00",51514,12.84509,1.270666E+008,13,3.3,13.9,7.122335,0,0
"2016-05-05 06:10:00",51515,12.84845,1.270714E+008,6.8,4.3,12.8,7.5685,0,0
"2016-05-05 06:20:00",51516,12.85433,1.27076E+008,9.8,2.5,12.8,6.862335,0,0
"2016-05-05 06:30:00",51517,12.84677,1.270809E+008,9.400001,4.3,13.1,7.782166,0,0
"2016-05-05 06:40:00",51518,12.84761,1.270858E+008,8.5,4.3,14.2,7.860336,0,0
"2016-05-05 06:50:00",51519,12.84006,1.270912E+008,9.6,5,18,9.417497,0,0
"2016-05-05 07:00:00",51520,12.83922,1.270959E+008,7.1,3.4,11.5,6.869998,0,0
"2016-05-05 07:10:00",51521,12.84425,1.271007E+008,6.7,4.1,14.8,7.363664,0,0
"2016-05-05 07:20:00",51522,12.83418,1.271056E+008,8.8,5.2,13,8.194499,0,0
"2016-05-05 07:30:00",51523,12.83334,1.271104E+008,6.3,4.3,10.9,7.916668,0,0
"2016-05-05 07:40:00",51524,12.8367,1.271152E+008,9.3,4.9,12.7,8.009159,0,0
"2016-05-05 07:50:00",51525,12.83922,1.271201E+008,11.2,4.9,12.6,8.384831,0,0
"2016-05-05 08:00:00",51526,12.85265,1.271249E+008,7.7,3.7,10.8,7.002166,0,0
"2016-05-05 08:10:00",51527,12.85013,1.271297E+008,7.4,3.9,11.8,7.446165,0,0
"2016-05-05 08:20:00",51528,12.87447,1.271343E+008,9,2.7,11.6,7.253,0,0
"2016-05-05 08:30:00",51529,12.89294,1.271391E+008,8.7,4.8,12.6,8.271667,0,0
"2016-05-05 08:40:00",51530,12.87195,1.271438E+008,5.4,3.7,11.3,6.699834,0,0
"2016-05-05 08:50:00",51531,12.87028,1.271486E+008,5.8,3.7,9.7,6.662835,0,0
"2016-05-05 09:00:00",51532,12.89462,1.271534E+008,7.8,4.8,12.8,8.113169,0,0
"2016-05-05 09:10:00",51533,12.88203,1.271582E+008,7,4.5,11,7.170167,0,0
"2016-05-05 09:20:00",51534,12.86692,1.271631E+008,9.1,4.4,14.2,8.193336,0,0
"2016-05-05 09:30:00",51535,12.85936,1.271675E+008,9,3.1,12.5,6.934336,0,0
"2016-05-05 09:40:00",51536,12.88455,1.271718E+008,5.4,1.5,16.3,5.986501,0,0
"2016-05-05 09:50:00",51537,12.87615,1.271745E+008,7.5,1.3,8.8,4.416666,0,0
"2016-05-05 10:00:00",51538,12.90301,1.271793E+008,9.2,4,11,6.641667,0,0
"2016-05-05 10:10:00",51539,12.91728,1.271841E+008,5.9,3.7,11.8,6.456164,0,0
"2016-05-05 10:20:00",51540,12.93659,1.271889E+008,6.5,4.5,12.7,7.762836,0,0
"2016-05-05 10:30:00",51541,12.97688,1.271937E+008,6.1,3.6,10.5,6.549664,0,0
"2016-05-05 10:40:00",51542,12.9878,1.271985E+008,8.6,4.7,14.3,8.168338,0,0
"2016-05-05 10:50:00",51543,12.94583,1.272034E+008,6.6,3.4,13.1,7.689832,0,0
"2016-05-05 11:00:00",51544,12.92652,1.272084E+008,11.1,4.1,14.1,8.430329,0,0
"2016-05-05 11:10:00",51545,12.91561,1.272132E+008,5.8,2.1,15.5,7.709497,0,0
"2016-05-05 11:20:00",51546,12.91225,1.272181E+008,8.8,3.5,13.1,8.127,0,0
"2016-05-05 11:30:00",51547,12.93491,1.272231E+008,7.9,4.9,15.4,9.106659,0,0
"2016-05-05 11:40:00",51548,12.9198,1.272267E+008,6.8,0.4,13.9,6.193164,0,0
"2016-05-05 11:50:00",51549,12.97101,1.272312E+008,11.8,2.6,14.7,6.97017,0,0
"2016-05-05 12:00:00",51550,13.02725,1.27236E+008,5.2,3.6,14.3,7.982498,0,0
"2016-05-05 12:10:00",51551,13.06167,1.272409E+008,6.1,2.6,14.2,8.076999,0,0
"2016-05-05 12:20:00",51552,13.10616,1.272449E+008,9.1,2.4,11.9,5.397997,0,0
"2016-05-05 12:30:00",51553,13.16072,1.272501E+008,6.6,5,15.4,8.748328,0,0
"2016-05-05 12:40:00",51554,13.18926,1.272549E+008,7.1,4.1,12.2,7.546836,0,0
"2016-05-05 12:50:00",51555,13.21696,1.272606E+008,8.1,4.6,18.8,9.854336,0,0
"2016-05-05 13:00:00",51556,13.20605,1.272656E+008,5,3.3,14.1,7.993833,0,0
"2016-05-05 13:10:00",51557,13.27321,1.272706E+008,8,3,13.8,7.783832,0,0
"2016-05-05 13:20:00",51558,13.25138,1.272758E+008,5.6,4.9,16.1,9.244661,0,0
"2016-05-05 13:30:00",51559,13.21109,1.272806E+008,12,2.7,14.9,7.228665,0,0
"2016-05-05 13:40:00",51560,13.18842,1.272882E+008,10,7.4,22,12.88116,0,0
"2016-05-05 13:50:00",51561,13.13302,1.272943E+008,13.5,4.4,17.1,10.51116,0,0
"2016-05-05 14:00:00",51562,13.09441,1.273014E+008,10.3,7.1,19.4,11.999,0,0
"2016-05-05 14:10:00",51563,13.12714,1.273071E+008,8.2,5.4,17.2,10.068,0,0
"2016-05-05 14:20:00",51564,13.12295,1.273134E+008,15.5,5.7,16.9,10.96083,0,0
"2016-05-05 14:30:00",51565,13.07678,1.273198E+008,11.4,6.4,17.8,11.1595,0,0
"2016-05-05 14:40:00",51566,13.08685,1.273265E+008,10.3,6.4,19.2,11.425,0,0
"2016-05-05 14:50:00",51567,13.05076,1.273322E+008,9.5,6.7,17.3,10.33017,0,0
"2016-05-05 15:00:00",51568,13.0155,1.273383E+008,7.4,5.6,16.9,10.78216,0,0
"2016-05-05 15:10:00",51569,12.98192,1.273437E+008,8,6.4,15.4,10.31983,0,0
"2016-05-05 15:20:00",51570,12.97353,1.273496E+008,15,4.8,18.8,9.924665,0,0
"2016-05-05 15:30:00",51571,12.94163,1.273551E+008,6.5,5.5,15.4,9.647995,0,0
"2016-05-05 15:40:00",51572,12.91728,1.273611E+008,5.6,4.6,20.6,10.208,0,0
"2016-05-05 15:50:00",51573,12.90469,1.273673E+008,13.3,6.5,16.6,10.92884,0,0
"2016-05-05 16:00:00",51574,12.8963,1.273739E+008,14.7,5.7,18.7,11.387,0,0
"2016-05-05 16:10:00",51575,12.89378,1.273807E+008,13.9,7.1,20.7,11.74666,0,0
"2016-05-05 16:20:00",51576,12.87867,1.273869E+008,6.6,5.5,17.2,10.721,0,0
"2016-05-05 16:30:00",51577,12.86944,1.273925E+008,9.900001,4.6,17.6,9.406675,0,0
"2016-05-05 16:40:00",51578,12.86272,1.273987E+008,9.1,6.3,17.4,10.83417,0,0
"2016-05-05 16:50:00",51579,12.84593,1.274041E+008,12.8,6.1,14.6,9.938002,0,0
"2016-05-05 17:00:00",51580,12.82914,1.274102E+008,9.5,5.1,17.9,10.6045,0,0
"2016-05-05 17:10:00",51581,12.8325,1.274158E+008,8.1,5,17.1,9.668337,0,0
"2016-05-05 17:20:00",51582,12.82411,1.274217E+008,8.400001,4.9,19.1,10.0755,0,0
"2016-05-05 17:30:00",51583,12.81907,1.274274E+008,11.1,4,18.3,9.59383,0,0
"2016-05-05 17:40:00",51584,12.81571,1.274337E+008,7.4,4.7,17.1,10.63367,0,0
"2016-05-05 17:50:00",51585,12.8132,1.2744E+008,10.1,5.3,20.8,10.96583,0,0
"2016-05-05 18:00:00",51586,12.81571,1.274463E+008,10.1,3,18,10.833,0,0
"2016-05-05 18:10:00",51587,12.81571,1.274514E+008,7.6,5,14.6,8.995335,0,0
"2016-05-05 18:20:00",51588,12.80984,1.274581E+008,15.3,4.8,20,11.72566,0,0
"2016-05-05 18:30:00",51589,12.80396,1.274647E+008,10.4,4.8,17.3,11.32166,0,0
"2016-05-05 18:40:00",51590,12.78801,1.274708E+008,9.3,5.8,19.8,10.81283,0,0
"2016-05-05 18:50:00",51591,12.80228,1.27479E+008,15.7,6.2,23,13.93666,0,0
"2016-05-05 19:00:00",51592,12.78801,1.274876E+008,8.5,6.7,21.7,14.10983,0,0
"2016-05-05 19:10:00",51593,12.80228,1.274939E+008,11.2,6.2,19.8,11.34184,0,0
"2016-05-05 19:20:00",51594,12.79053,1.274999E+008,13.3,5.6,18.2,10.73134,0,0
"2016-05-05 19:30:00",51595,12.79557,1.27506E+008,11,4.1,17.8,10.73167,0,0
"2016-05-05 19:40:00",51596,12.78549,1.275134E+008,12,6,19,12.273,0,0
"2016-05-05 19:50:00",51597,12.79305,1.275201E+008,16,6.1,18.6,11.46767,0,0
"2016-05-05 20:00:00",51598,12.79473,1.275265E+008,9.2,6,18.8,11.15983,0,0
"2016-05-05 20:10:00",51599,12.79137,1.275321E+008,16.1,4.4,19.9,10.21866,0,0
"2016-05-05 20:20:00",51600,12.78298,1.275392E+008,11,6.2,20.6,12.18567,0,0
"2016-05-05 20:30:00",51601,12.78046,1.275468E+008,9,6.1,22.1,12.73267,0,0
"2016-05-05 20:40:00",51602,12.7813,1.275539E+008,9.2,5.9,20.6,12.14232,0,0
"2016-05-05 20:50:00",51603,12.7813,1.275624E+008,18.3,6.8,22.6,13.9525,0,0
"2016-05-05 21:00:00",51604,12.78717,1.275692E+008,11.3,6,20.8,11.7695,0,0
"2016-05-05 21:10:00",51605,12.7813,1.275765E+008,13.9,6.4,21.2,12.39817,0,0
"2016-05-05 21:20:00",51606,12.78046,1.275836E+008,11.4,6.1,21.6,12.11567,0,0
"2016-05-05 21:30:00",51607,12.7813,1.275904E+008,10.3,6.9,18.7,11.66434,0,0
"2016-05-05 21:40:00",51608,12.77962,1.275983E+008,14,7.4,22.5,13.158,0,0
"2016-05-05 21:50:00",51609,12.77542,1.276064E+008,13.9,7,26.1,13.645,0,0
"2016-05-05 22:00:00",51610,12.77038,1.276153E+008,18.6,7.5,24.5,14.70416,0,0
"2016-05-05 22:10:00",51611,12.77038,1.276238E+008,10.4,7.5,24.6,14.17184,0,0
"2016-05-05 22:20:00",51612,12.76787,1.276321E+008,9.900001,7.5,22,13.6645,0,0
"2016-05-05 22:30:00",51613,12.77458,1.276409E+008,16.7,9,22.4,14.58717,0,0
"2016-05-05 22:40:00",51614,12.75695,1.2765E+008,10.9,8.7,24,15.196,0,0
"2016-05-05 22:50:00",51615,12.76199,1.27659E+008,14.5,7.7,23.7,15.18034,0,0
"2016-05-05 23:00:00",51616,12.76703,1.276678E+008,12.5,6.7,27.3,14.2375,0,0
"2016-05-05 23:10:00",51617,12.76703,1.276774E+008,11.2,8.900001,25.6,15.64666,0,0
"2016-05-05 23:20:00",51618,12.75863,1.27687E+008,15.7,8.8,23.4,15.68999,0,0
"2016-05-05 23:30:00",51619,12.76283,1.276961E+008,17,7.6,26.6,14.97167,0,0
"2016-05-05 23:40:00",51620,12.76199,1.277051E+008,12.1,7.3,23.4,14.70034,0,0
"2016-05-05 23:50:00",51621,12.7494,1.277137E+008,15,7.3,23.6,14.01634,0,0
"2016-05-06 00:00:00",51622,12.75863,1.277224E+008,10.9,8.5,24.3,13.85267,0,0
"2016-05-06 00:10:00",51623,12.75779,1.277318E+008,18,6.3,24.2,15.355,0,0
"2016-05-06 00:20:00",51624,12.75275,1.277398E+008,7.9,7.3,22,13.4965,0,0
"2016-05-06 00:30:00",51625,12.75108,1.277463E+008,13.4,5.4,19.5,11.23033,0,0
"2016-05-06 00:40:00",51626,12.75359,1.277533E+008,22.3,5.6,22.3,11.94934,0,0
"2016-05-06 00:50:00",51627,12.75024,1.277615E+008,11.9,6,22.5,13.47883,0,0
"2016-05-06 01:00:00",51628,12.75024,1.277692E+008,11.3,6,22.2,12.826,0,0
"2016-05-06 01:10:00",51629,12.74772,1.277765E+008,13.3,5.9,22.7,12.35333,0,0
"2016-05-06 01:20:00",51630,12.73513,1.277826E+008,9.400001,4.6,15.9,10.7685,0,0
"2016-05-06 01:30:00",51631,12.7494,1.2779E+008,13.7,6.1,22.6,12.25968,0,0
"2016-05-06 01:40:00",51632,12.7452,1.277969E+008,14.2,5.9,22.1,11.63734,0,0
"2016-05-06 01:50:00",51633,12.73429,1.278059E+008,10.4,7.3,23.2,14.79717,0,0
"2016-05-06 02:00:00",51634,12.73849,1.278129E+008,15.1,6.5,20,11.95133,0,0
"2016-05-06 02:10:00",51635,12.73009,1.278213E+008,10.7,7,24.8,13.97517,0,0
"2016-05-06 02:20:00",51636,12.73009,1.278285E+008,10.8,6.7,21.7,12.33433,0,0
"2016-05-06 02:30:00",51637,12.73261,1.27835E+008,14.5,6.3,19.5,11.48333,0,0
"2016-05-06 02:40:00",51638,12.72505,1.278434E+008,14.7,7.2,22.2,13.63283,0,0
"2016-05-06 02:50:00",51639,12.72925,1.278503E+008,18.3,6.3,19,11.7675,0,0
"2016-05-06 03:00:00",51640,12.72757,1.278587E+008,17.4,7.3,21.8,13.937,0,0
"2016-05-06 03:10:00",51641,12.72757,1.278663E+008,11.8,6.2,20.7,12.395,0,0
"2016-05-06 03:20:00",51642,12.71918,1.278722E+008,9.3,5.9,18.8,10.4085,0,0
"2016-05-06 03:30:00",51643,12.72505,1.278772E+008,9,5.4,14,9.170497,0,0
"2016-05-06 03:40:00",51644,12.72254,1.278832E+008,9.900001,5.5,16.4,10.57466,0,0
"2016-05-06 03:50:00",51645,12.71666,1.278882E+008,6.4,5.1,14.1,8.712327,0,0
"2016-05-06 04:00:00",51646,12.70994,1.278945E+008,10.8,4.9,19.8,10.808,0,0
"2016-05-06 04:10:00",51647,12.7175,1.27901E+008,13,3.8,20,11.003,0,0
"2016-05-06 04:20:00",51648,12.71414,1.279068E+008,9.6,4.9,17,10.14084,0,0
"2016-05-06 04:30:00",51649,12.70994,1.279122E+008,14.7,4.8,15.8,9.447171,0,0
"2016-05-06 04:40:00",51650,12.69987,1.279181E+008,10.3,5.4,19.1,10.44517,0,0
"2016-05-06 04:50:00",51651,12.70743,1.279232E+008,3.7,3.7,15.6,7.810504,0,0
"2016-05-06 05:00:00",51652,12.69483,1.279296E+008,13.8,3.8,17.8,11.174,0,0
"2016-05-06 05:10:00",51653,12.69819,1.279353E+008,13.1,3.9,17.7,10.12632,0,0
"2016-05-06 05:20:00",51654,12.70155,1.279417E+008,9.2,5.6,18,11.06517,0,0
"2016-05-06 05:30:00",51655,12.69315,1.279471E+008,10.5,5,17.7,9.829168,0,0
"2016-05-06 05:40:00",51656,12.69567,1.279526E+008,9.900001,5.2,17.5,10.1705,0,0
"2016-05-06 05:50:00",51657,12.69064,1.279576E+008,7,4.9,14.8,8.73767,0,0
"2016-05-06 06:00:00",51658,12.69819,1.279626E+008,9.5,4.8,15.1,8.932666,0,0
"2016-05-06 06:10:00",51659,12.69315,1.279685E+008,11.9,6.4,17.7,10.39834,0,0
"2016-05-06 06:20:00",51660,12.6898,1.27975E+008,10,6.8,21.2,11.4555,0,0
"2016-05-06 06:30:00",51661,12.68644,1.279808E+008,9.2,5.3,17.7,10.47217,0,0
"2016-05-06 06:40:00",51662,12.67804,1.279861E+008,6.9,4.5,16.5,9.107494,0,0
"2016-05-06 06:50:00",51663,12.6898,1.279911E+008,9.1,4.6,14.1,8.978174,0,0
"2016-05-06 07:00:00",51664,12.67133,1.279961E+008,8.6,4.9,13.5,8.624831,0,0
"2016-05-06 07:10:00",51665,12.6898,1.280015E+008,7,4.6,15.1,9.81233,0,0
"2016-05-06 07:20:00",51666,12.67888,1.280069E+008,9.8,6.4,15.1,9.951838,0,0
"2016-05-06 07:30:00",51667,12.69148,1.280118E+008,6.7,5.6,14.5,8.922834,0,0
"2016-05-06 07:40:00",51668,12.71918,1.280166E+008,8.900001,4.4,11.7,7.861832,0,0
"2016-05-06 07:50:00",51669,12.77122,1.280216E+008,7,4.3,14.8,8.576997,321.3263,12.48964
"2016-05-06 08:00:00",51670,13.20605,1.280268E+008,13,4.7,15.3,8.950835,325.0348,13.13411
"2016-05-06 08:10:00",51671,13.35883,1.28032E+008,6.7,6.6,16.1,9.863331,0,0
"2016-05-06 08:20:00",51672,13.08685,1.28037E+008,10.8,5.8,14.7,9.132329,0,0
"2016-05-06 08:30:00",51673,13.09021,1.280419E+008,6.9,4.7,13.2,8.55133,324.495,12.41644
"2016-05-06 08:40:00",51674,13.16744,1.280473E+008,7.8,6.3,15.1,9.918333,0,0
"2016-05-06 08:50:00",51675,13.17751,1.280525E+008,10.6,6.3,15.1,9.910499,321.6474,12.07583
"2016-05-06 09:00:00",51676,13.24215,1.280594E+008,10,7.1,16.4,11.66717,323.488,12.16217
"2016-05-06 09:10:00",51677,13.23459,1.280652E+008,8.7,6.3,16.7,10.6715,319.9333,10.65975
"2016-05-06 09:20:00",51678,13.6711,1.280702E+008,10.7,5.2,13.1,9.251667,0,0
"2016-05-06 09:30:00",51679,13.64844,1.280752E+008,10,5.6,14.5,9.413334,0,0
"2016-05-06 09:40:00",51680,13.89523,1.280803E+008,10,7,15.3,9.895669,323.6802,11.02254
"2016-05-06 09:50:00",51681,14.04213,1.280854E+008,10,6.5,14.6,9.589669,321.1265,11.49151
"2016-05-06 10:00:00",51682,13.62661,1.280902E+008,7.2,5,11.1,8.150331,0,0
"2016-05-06 10:10:00",51683,14.37371,1.280955E+008,12.8,5,16.5,9.074998,316.6488,13.30849
"2016-05-06 10:20:00",51684,14.53069,1.281005E+008,9.7,5.5,13.5,9.395002,318.698,12.51172
"2016-05-06 10:30:00",51685,14.52985,1.281057E+008,8,6.5,14.3,9.765661,324.6755,11.58857
"2016-05-06 10:40:00",51686,13.75253,1.28111E+008,10.1,6.1,15.2,9.930828,0,0
"2016-05-06 10:50:00",51687,14.10761,1.281163E+008,11.3,6.4,15.6,9.969336,321.5793,12.24695
"2016-05-06 11:00:00",51688,14.55167,1.281216E+008,9,6.8,16.7,10.08334,322.434,12.33564
"2016-05-06 11:10:00",51689,14.54831,1.281279E+008,9.2,6.1,16.2,11.14383,320.9151,10.53065
"2016-05-06 11:20:00",51690,14.53488,1.28133E+008,9.1,6.6,14.7,9.881001,327.6782,12.56059
"2016-05-06 11:30:00",51691,14.56091,1.28139E+008,11.7,7.1,16,11.00801,0,0
"2016-05-06 11:40:00",51692,14.5458,1.281446E+008,10.4,6.6,15.1,10.49433,332.0297,10.8281
"2016-05-06 11:50:00",51693,14.52733,1.281499E+008,8.1,6.7,14.4,10.133,0,0
"2016-05-06 12:00:00",51694,14.53069,1.281554E+008,10.8,6.6,14.9,10.38616,0,0
"2016-05-06 12:10:00",51695,14.56258,1.281603E+008,10.2,6,13.8,9.138337,0,0
"2016-05-06 12:20:00",51696,14.52397,1.281661E+008,10.8,6.2,14.9,10.34167,327.5845,11.73635
"2016-05-06 12:30:00",51697,14.53153,1.281716E+008,10.5,7.2,14.1,10.50567,329.3514,10.87039
"2016-05-06 12:40:00",51698,14.53236,1.28177E+008,11.3,7.1,14.7,10.55433,0,0
"2016-05-06 12:50:00",51699,14.53824,1.281822E+008,8.6,6.6,14.8,9.803497,0,0
"2016-05-06 13:00:00",51700,14.52901,1.281871E+008,9.6,5.2,13.6,8.761838,0,0
"2016-05-06 13:10:00",51701,14.54244,1.28192E+008,12.7,5.9,13.8,9.060831,0,0
"2016-05-06 13:20:00",51702,14.54747,1.28197E+008,11,6.1,13.3,9.424329,329.6287,11.30216
"2016-05-06 13:30:00",51703,14.54747,1.282022E+008,9.900001,5.7,15.5,9.741169,0,0
"2016-05-06 13:40:00",51704,14.54496,1.282072E+008,10.2,5.2,13.5,9.046667,0,0
"2016-05-06 13:50:00",51705,14.53153,1.282122E+008,10.3,5,13.1,8.621829,0,0
"2016-05-06 14:00:00",51706,14.56342,1.282169E+008,7.3,3.3,12.1,7.465333,0,0
"2016-05-06 14:10:00",51707,14.57182,1.282218E+008,9,5.6,13.9,8.904997,0,0
"2016-05-06 14:20:00",51708,14.5374,1.282267E+008,12,4.9,13.7,8.083331,0,0
"2016-05-06 14:30:00",51709,14.52901,1.282318E+008,9.400001,5.7,16,9.713839,327.981,12.05163
"2016-05-06 14:40:00",51710,14.56007,1.282368E+008,10.4,3.5,14.3,8.409833,0,0
"2016-05-06 14:50:00",51711,14.56007,1.28244E+008,12.1,5.3,18.5,12.09366,0,0
"2016-05-06 15:00:00",51712,14.57014,1.282505E+008,6.4,5.8,18.1,11.20634,0,0
"2016-05-06 15:10:00",51713,14.53908,1.282558E+008,10.1,4.5,19.3,9.230997,0,0
"2016-05-06 15:20:00",51714,14.53824,1.282612E+008,9.5,4.7,15.5,9.466002,0,0
"2016-05-06 15:30:00",51715,14.53236,1.28266E+008,11.1,3,12.6,7.466668,0,0
"2016-05-06 15:40:00",51716,14.53488,1.282708E+008,8.3,4.2,12.4,8.171165,0,0
"2016-05-06 15:50:00",51717,14.56007,1.282752E+008,3.1,3,12.4,6.746501,0,0
"2016-05-06 16:00:00",51718,14.52901,1.282772E+008,4,1.9,7,3.9245,0,0
"2016-05-06 16:10:00",51719,14.52817,1.282784E+008,2.8,1.8,6.9,3.541001,0,0
"2016-05-06 16:20:00",51720,14.53572,1.282806E+008,2.8,0.6,7.2,3.823831,0,0
"2016-05-06 16:30:00",51721,14.5181,1.282827E+008,4.6,1.5,7.4,3.879165,0,0
"2016-05-06 16:40:00",51722,14.52817,1.282828E+008,0.4,0.4,4.5,2.231167,0,0
"2016-05-06 16:50:00",51723,14.44506,1.282848E+008,4.7,0.2,7.7,3.605333,306.2546,27.68446
"2016-05-06 17:00:00",51724,13.4008,1.28288E+008,4.4,2.2,6.7,4.348665,320.2741,13.49266
"2016-05-06 17:10:00",51725,13.21445,1.28291E+008,4.5,2.7,7,4.278833,0,0
"2016-05-06 17:20:00",51726,13.11875,1.28294E+008,5,2.8,6.1,4.228834,0,0
"2016-05-06 17:30:00",51727,13.06754,1.282968E+008,4.6,2.7,6.3,4.2835,0,0
"2016-05-06 17:40:00",51728,13.04572,1.282989E+008,3,1.7,6,3.790167,0,0
"2016-05-06 17:50:00",51729,13.03061,1.282989E+008,2,1.1,3.9,2.2705,0,0
"2016-05-06 18:00:00",51730,13.02137,1.28299E+008,1.8,1.6,5,2.908001,0,0
"2016-05-06 18:10:00",51731,13.02137,1.28299E+008,3.1,1.4,4,2.692333,0,0
"2016-05-06 18:20:00",51732,13.0071,1.283026E+008,5.7,2.4,7.3,4.799166,314.7203,14.84651
"2016-05-06 18:30:00",51733,12.99955,1.283073E+008,5.9,3.6,8,5.241835,300.6476,12.06117
"2016-05-06 18:40:00",51734,12.98444,1.283121E+008,5.1,3.9,9.2,6.24083,317.2542,11.43019
"2016-05-06 18:50:00",51735,12.98696,1.283167E+008,5.1,3.1,7.8,5.573002,0,0
"2016-05-06 19:00:00",51736,12.98192,1.283206E+008,3.6,2.6,8.3,4.751835,0,0
"2016-05-06 19:10:00",51737,12.96933,1.28323E+008,4.4,2.4,6.3,4.049167,0,0
"2016-05-06 19:20:00",51738,12.97521,1.283265E+008,4.4,2.1,7,4.396329,0,0
"2016-05-06 19:30:00",51739,12.96094,1.283303E+008,5.3,3.1,6.9,4.563663,0,0
"2016-05-06 19:40:00",51740,12.96681,1.283343E+008,4.2,3,7.2,4.652999,330.7091,10.68248
"2016-05-06 19:50:00",51741,12.96681,1.28337E+008,2.9,2.5,6.2,4.135833,0,0
"2016-05-06 20:00:00",51742,12.95422,1.283388E+008,3.2,2.3,6.4,3.873998,0,0
"2016-05-06 20:10:00",51743,12.94079,1.283397E+008,3.2,1.4,5.3,3.425165,0,0
"2016-05-06 20:20:00",51744,12.94918,1.283406E+008,2.7,2.1,6.6,3.498831,0,0
"2016-05-06 20:30:00",51745,12.94583,1.283408E+008,3,1.8,4.5,3.036166,0,0
"2016-05-06 20:40:00",51746,12.93827,1.283408E+008,2.5,2.1,4,3.0745,0,0
"2016-05-06 20:50:00",51747,12.9475,1.283408E+008,2,0.7,3.2,1.943835,0,0
"2016-05-06 21:00:00",51748,12.95506,1.283408E+008,1.5,0.1,2.1,0.9458343,0,0
"2016-05-06 21:10:00",51749,12.94834,1.283408E+008,1.3,1,2.5,1.877668,77.82252,10.2327
"2016-05-06 21:20:00",51750,12.93156,1.283408E+008,1.6,0.5,2.2,1.3425,0,0
"2016-05-06 21:30:00",51751,12.94163,1.283408E+008,2,0.7,2.9,1.7215,0,0
"2016-05-06 21:40:00",51752,12.92316,1.283408E+008,1.5,0.9,2.5,1.671166,0,0
"2016-05-06 21:50:00",51753,12.92232,1.283408E+008,2.6,1.4,3.8,2.491,0,0
"2016-05-06 22:00:00",51754,12.90637,1.283408E+008,3.4,1.9,4.6,3.141,0,0
"2016-05-06 22:10:00",51755,12.90553,1.283426E+008,3.5,1.8,5.9,3.822834,0,0
"2016-05-06 22:20:00",51756,12.90469,1.283437E+008,3.7,1.8,5.8,3.411334,0,0
"2016-05-06 22:30:00",51757,12.91057,1.283451E+008,2.8,1.7,5.7,3.621667,0,0
"2016-05-06 22:40:00",51758,12.90217,1.283453E+008,2,1.4,4.9,2.658001,0,0
"2016-05-06 22:50:00",51759,12.90889,1.283454E+008,3.7,1.2,4.2,2.662668,0,0
"2016-05-06 23:00:00",51760,12.9005,1.283474E+008,4,1.5,5.9,3.799834,0,0
"2016-05-06 23:10:00",51761,12.89798,1.283509E+008,4.5,2.5,8.3,4.577998,0,0
"2016-05-06 23:20:00",51762,12.90385,1.283555E+008,6.3,3.1,7.5,5.304168,0,0
"2016-05-06 23:30:00",51763,12.90385,1.283599E+008,5.6,3.2,8.6,5.346501,0,0
"2016-05-06 23:40:00",51764,12.89462,1.28364E+008,3.5,2.9,7.8,4.881339,0,0
"2016-05-06 23:50:00",51765,12.89294,1.283659E+008,3.4,1.9,6.1,3.897335,0,0
"2016-05-07 00:00:00",51766,12.89126,1.283674E+008,3.5,2.6,5.1,3.768332,0,0
"2016-05-07 00:10:00",51767,12.89126,1.283685E+008,2.6,1.8,5.7,3.4605,0,0
"2016-05-07 00:20:00",51768,12.88874,1.283689E+008,2.6,1.8,4.7,3.187668,0,0
"2016-05-07 00:30:00",51769,12.88623,1.283702E+008,2.4,1.8,5.6,3.562833,0,0
"2016-05-07 00:40:00",51770,12.89462,1.283717E+008,6.6,2.1,6.6,3.746833,0,0
"2016-05-07 00:50:00",51771,12.88874,1.283752E+008,5.5,3,9.6,5.180165,0,0
"2016-05-07 01:00:00",51772,12.88958,1.283794E+008,5.1,2.8,8.3,5.095003,0,0
"2016-05-07 01:10:00",51773,12.87867,1.283834E+008,5.2,2.9,7.6,4.941666,0,0
"2016-05-07 01:20:00",51774,12.88119,1.283865E+008,3.7,2.8,6,4.263498,328.8048,11.8042
"2016-05-07 01:30:00",51775,12.88203,1.283885E+008,5.7,1.9,6.7,3.940834,314.7112,12.15897
"2016-05-07 01:40:00",51776,12.87447,1.283896E+008,4.7,2.3,5.8,3.606165,0,0
"2016-05-07 01:50:00",51777,12.87867,1.283932E+008,5.1,3.1,7.3,4.624171,323.0703,13.75607
"2016-05-07 02:00:00",51778,12.87699,1.283973E+008,5.8,3.1,6.5,4.771167,318.9966,10.19008
"2016-05-07 02:10:00",51779,12.87447,1.284013E+008,5.1,2.8,7,4.627666,323.7542,10.68727
"2016-05-07 02:20:00",51780,12.87615,1.284026E+008,2.5,1.8,6.1,3.559,330.9764,13.66968
"2016-05-07 02:30:00",51781,12.87195,1.284026E+008,2.8,1,3.3,1.969835,0,0
"2016-05-07 02:40:00",51782,12.86356,1.284026E+008,1.7,0.9,2.6,1.731333,0,0
"2016-05-07 02:50:00",51783,12.87447,1.284026E+008,2.2,1.3,2.7,1.914333,0,0
"2016-05-07 03:00:00",51784,12.86356,1.284026E+008,1.9,1.2,3.1,2.195666,0,0
"2016-05-07 03:10:00",51785,12.86104,1.284026E+008,2.6,1.7,3.1,2.275831,0,0
"2016-05-07 03:20:00",51786,12.86356,1.284026E+008,2.8,1.6,4,2.685,0,0
"2016-05-07 03:30:00",51787,12.86188,1.284026E+008,3.8,1.6,3.9,2.8415,0,0
"2016-05-07 03:40:00",51788,12.86356,1.28403E+008,2.6,1.8,4.6,3.183001,0,0
"2016-05-07 03:50:00",51789,12.86272,1.284033E+008,2.5,1.7,5.3,3.009167,0,0
"2016-05-07 04:00:00",51790,12.85097,1.284034E+008,2.2,1.3,4.8,2.250998,0,0
"2016-05-07 04:10:00",51791,12.8686,1.284034E+008,1.3,0.8,3.4,1.995499,0,0
"2016-05-07 04:20:00",51792,12.85936,1.284037E+008,1.7,0.7,4.8,2.309999,0,0
"2016-05-07 04:30:00",51793,12.86188,1.284038E+008,1.6,0.5,5.2,1.890667,0,0
"2016-05-07 04:40:00",51794,12.85936,1.284038E+008,1.3,0.3,2.5,1.435666,0,0
"2016-05-07 04:50:00",51795,12.85433,1.284056E+008,4.1,1,6.2,3.552168,0,0
"2016-05-07 05:00:00",51796,12.85517,1.284089E+008,3.6,2.8,6,4.410832,0,0
"2016-05-07 05:10:00",51797,12.85265,1.284091E+008,2,1.8,4.7,3.100168,0,0
"2016-05-07 05:20:00",51798,12.86272,1.284091E+008,1.6,0.9,3.2,2.245667,0,0
"2016-05-07 05:30:00",51799,12.84593,1.284091E+008,1.7,0.6,2.9,1.7285,0,0
"2016-05-07 05:40:00",51800,12.84258,1.284091E+008,2.4,1,3.7,2.058501,0,0
"2016-05-07 05:50:00",51801,12.85013,1.284091E+008,1.6,1.1,3.3,2.018166,0,0
"2016-05-07 06:00:00",51802,12.84677,1.284091E+008,1.8,1.2,3.5,2.162834,0,0
"2016-05-07 06:10:00",51803,12.83922,1.284091E+008,0.9,0.9,2.7,1.490167,0,0
"2016-05-07 06:20:00",51804,12.84006,1.284091E+008,0.6,0,3,1.169833,0,0
"2016-05-07 06:30:00",51805,12.84845,1.284091E+008,1,0.2,1.5,0.9211666,0,0
"2016-05-07 06:40:00",51806,12.84593,1.284091E+008,1.1,0.6,3.1,1.620833,0,0
"2016-05-07 06:50:00",51807,12.83334,1.284091E+008,2.4,0.3,2.8,1.435,0,0
"2016-05-07 07:00:00",51808,12.83754,1.284091E+008,2.6,1.6,4,2.7465,0,0
"2016-05-07 07:10:00",51809,12.82327,1.284094E+008,2.2,2.2,4.7,3.134667,0,0
"2016-05-07 07:20:00",51810,12.82663,1.284097E+008,2.9,2,4.9,3.117164,0,0
"2016-05-07 07:30:00",51811,12.82663,1.2841E+008,4.4,1.7,5.2,3.005332,0,0
"2016-05-07 07:40:00",51812,12.81823,1.284134E+008,5.9,3,6.4,4.328668,0,0
"2016-05-07 07:50:00",51813,12.8409,1.284152E+008,3.2,2.5,5.8,3.802001,0,0
"2016-05-07 08:00:00",51814,13.39996,1.284153E+008,3.5,1,4.6,2.117668,0,0
"2016-05-07 08:10:00",51815,13.23124,1.284157E+008,1.8,1.4,5,3.004835,0,0
"2016-05-07 08:20:00",51816,13.05915,1.284158E+008,2.1,0.6,4.3,2.158167,0,0
"2016-05-07 08:30:00",51817,12.97521,1.284158E+008,2,0.2,3,1.265334,0,0
"2016-05-07 08:40:00",51818,12.99116,1.284158E+008,3.4,1.4,4.1,2.473166,0,0
"2016-05-07 08:50:00",51819,13.04404,1.284169E+008,3.8,1.5,5.8,3.348666,0,0
"2016-05-07 09:00:00",51820,13.00291,1.284195E+008,3.6,2.1,7.1,4.168833,0,0
"2016-05-07 09:10:00",51821,13.09441,1.28421E+008,4,1.7,6.3,3.525832,0,0
"2016-05-07 09:20:00",51822,13.13638,1.284218E+008,2.6,1.9,5.5,3.398832,0,0
"2016-05-07 09:30:00",51823,13.07258,1.28423E+008,2.4,1.3,6.6,3.353501,0,0
"2016-05-07 09:40:00",51824,12.99619,1.284235E+008,2.1,1.1,5.2,2.987331,0,0
"2016-05-07 09:50:00",51825,13.06671,1.284235E+008,2.4,1,3.5,2.300665,0,0
"2016-05-07 10:00:00",51826,12.93156,1.284237E+008,3.1,1.4,5.2,2.654999,0,0
"2016-05-07 10:10:00",51827,13.01214,1.284242E+008,3.1,1.7,5.3,2.9355,0,0
"2016-05-07 10:20:00",51828,13.04236,1.284244E+008,2.2,1.8,4.7,3.100333,0,0
"2016-05-07 10:30:00",51829,13.05663,1.284251E+008,2.1,0.8,7.3,2.963998,0,0
"2016-05-07 10:40:00",51830,13.01802,1.284252E+008,3,1,4.1,2.428,0,0
"2016-05-07 10:50:00",51831,13.02222,1.284252E+008,3.1,1.4,3.8,2.538335,0,0
"2016-05-07 11:00:00",51832,12.93659,1.284252E+008,1.9,0.9,3.9,2.248168,0,0
"2016-05-07 11:10:00",51833,12.91141,1.284254E+008,3.6,0.9,4.5,2.2915,0,0
"2016-05-07 11:20:00",51834,12.88706,1.284268E+008,7.6,1.3,8.1,3.587999,0,0
"2016-05-07 11:30:00",51835,12.90973,1.284313E+008,3.8,3.4,7.3,5.257,0,0
"2016-05-07 11:40:00",51836,12.91225,1.284336E+008,4.3,1.6,5.9,3.739167,0,0
"2016-05-07 11:50:00",51837,12.96765,1.284337E+008,2.5,1.2,5,2.674834,0,0
"2016-05-07 12:00:00",51838,12.97017,1.284338E+008,3.6,1.4,4.6,2.477999,0,0
"2016-05-07 12:10:00",51839,12.98528,1.284341E+008,2.5,2.1,5.1,3.256664,0,0
"2016-05-07 12:20:00",51840,12.99367,1.284358E+008,4.7,1.4,6,3.660169,0,0
"2016-05-07 12:30:00",51841,12.99451,1.284362E+008,1.7,1.4,5.1,2.849,0,0
"2016-05-07 12:40:00",51842,13.0474,1.284363E+008,3.8,1,4.9,2.148167,0,0
"2016-05-07 12:50:00",51843,13.02306,1.284365E+008,3.6,1.6,4.6,2.811167,0,0
"2016-05-07 13:00:00",51844,13.0474,1.284366E+008,2.9,1.6,5.2,2.610999,0,0
"2016-05-07 13:10:00",51845,13.05076,1.284402E+008,3.3,1.4,9.7,4.688329,0,0
"2016-05-07 13:20:00",51846,12.99199,1.284421E+008,3.2,1.8,5.6,3.801,0,0
"2016-05-07 13:30:00",51847,12.96177,1.284441E+008,3.5,2.1,6.1,3.804669,0,0
"2016-05-07 13:40:00",51848,13.00291,1.284449E+008,2.8,2,5.4,3.445665,0,0
"2016-05-07 13:50:00",51849,12.98696,1.28447E+008,3.5,2.6,6,3.997335,0,0
"2016-05-07 14:00:00",51850,12.9878,1.284496E+008,2.1,2.1,6.4,4.094666,0,0
"2016-05-07 14:10:00",51851,13.11455,1.284527E+008,4,1.8,8.5,4.332998,0,0
"2016-05-07 14:20:00",51852,13.00878,1.284552E+008,4,2.1,7.1,4.108002,0,0
"2016-05-07 14:30:00",51853,13.11791,1.284565E+008,6.7,1.1,7.2,3.397334,0,0
"2016-05-07 14:40:00",51854,13.20689,1.284608E+008,4,3.1,7.2,4.879666,0,0
"2016-05-07 14:50:00",51855,13.17919,1.284647E+008,5,3.1,6.7,4.625501,0,0
"2016-05-07 15:00:00",51856,13.14729,1.284656E+008,3.8,2.1,5.8,3.434,0,0
"2016-05-07 15:10:00",51857,13.22032,1.284675E+008,4,2.3,7.6,3.887167,0,0
"2016-05-07 15:20:00",51858,13.26313,1.284721E+008,6.1,3.3,9.1,5.840166,0,0
"2016-05-07 15:30:00",51859,13.18758,1.284769E+008,5.8,3.4,7.5,5.530835,0,0
"2016-05-07 15:40:00",51860,13.14897,1.284801E+008,5.8,2.9,6.7,4.454999,0,0
"2016-05-07 15:50:00",51861,13.07594,1.284847E+008,4.3,3.4,7.6,5.160833,0,0
"2016-05-07 16:00:00",51862,13.11623,1.284868E+008,3.7,2.6,6.4,4.024667,0,0
"2016-05-07 16:10:00",51863,13.12714,1.284909E+008,4.4,2.3,7.9,5.137334,0,0
"2016-05-07 16:20:00",51864,13.0986,1.284957E+008,7.1,3.9,8.2,5.917333,0,0
"2016-05-07 16:30:00",51865,13.05076,1.285005E+008,5.4,3.9,8.1,5.952167,0,0
"2016-05-07 16:40:00",51866,12.9836,1.285052E+008,5.5,3.5,8.7,5.690999,0,0
"2016-05-07 16:50:00",51867,12.93407,1.2851E+008,6.4,4.1,7.9,5.700332,0,0
"2016-05-07 17:00:00",51868,12.8879,1.28514E+008,2.6,2.5,9.7,5.541999,0,0
"2016-05-07 17:10:00",51869,12.87112,1.28516E+008,4.2,0.8,6.3,3.633668,0,0
"2016-05-07 17:20:00",51870,12.8602,1.285174E+008,3.3,1.4,6.9,3.256001,0,0
"2016-05-07 17:30:00",51871,12.84845,1.285175E+008,3.5,1.7,4.1,2.713332,0,0
"2016-05-07 17:40:00",51872,12.83838,1.285175E+008,1.5,0.3,4.1,1.770333,0,0
"2016-05-07 17:50:00",51873,12.84341,1.285175E+008,3,0.2,3.9,2.264166,0,0
"2016-05-07 18:00:00",51874,12.83754,1.285176E+008,3.5,1.6,5.1,2.761001,0,0
"2016-05-07 18:10:00",51875,12.8325,1.285202E+008,4.1,2.1,5.6,4.034832,0,0
"2016-05-07 18:20:00",51876,12.8283,1.285228E+008,3.5,2.5,6,4.112834,0,0
"2016-05-07 18:30:00",51877,12.82747,1.285262E+008,2.6,1.4,7.5,4.541831,0,0
"2016-05-07 18:40:00",51878,12.82411,1.285294E+008,4.8,2.4,8,4.605501,0,0
"2016-05-07 18:50:00",51879,12.8283,1.28533E+008,5.2,2.8,6.5,4.462667,0,0
"2016-05-07 19:00:00",51880,12.8325,1.285372E+008,5.7,3.1,7.6,4.979,0,0
"2016-05-07 19:10:00",51881,12.81823,1.285415E+008,4.4,2.6,8.5,5.066332,0,0
"2016-05-07 19:20:00",51882,12.81823,1.285445E+008,6,2.6,6.8,4.302501,0,0
"2016-05-07 19:30:00",51883,12.81907,1.285485E+008,5.4,3.2,6.6,4.757,0,0
"2016-05-07 19:40:00",51884,12.81068,1.285516E+008,4.4,2.6,6.2,4.334334,0,0
"2016-05-07 19:50:00",51885,12.81655,1.285541E+008,4.4,2.8,6.3,4.164333,0,0
"2016-05-07 20:00:00",51886,12.81991,1.285578E+008,5.4,2.8,7,4.618668,0,0
"2016-05-07 20:10:00",51887,12.80984,1.285612E+008,5.6,2.7,6.8,4.472999,0,0
"2016-05-07 20:20:00",51888,12.8048,1.28566E+008,4.4,4.2,8.6,5.701667,0,0
"2016-05-07 20:30:00",51889,12.81403,1.285697E+008,4.6,2.9,7.5,4.520999,0,0
"2016-05-07 20:40:00",51890,12.81571,1.285739E+008,4.4,3.1,8.6,5.117501,0,0
"2016-05-07 20:50:00",51891,12.81068,1.285776E+008,6.5,2.6,6.7,4.602499,0,0
"2016-05-07 21:00:00",51892,12.80396,1.285821E+008,5.7,3.3,7.9,5.172168,0,0
"2016-05-07 21:10:00",51893,12.809,1.285864E+008,5,3,9.400001,5.326169,0,0
"2016-05-07 21:20:00",51894,12.79305,1.285906E+008,4.6,2.2,8.6,5.171497,0,0
"2016-05-07 21:30:00",51895,12.80732,1.285941E+008,3.2,2.5,7.9,4.782666,0,0
"2016-05-07 21:40:00",51896,12.80312,1.285969E+008,4.8,2.3,8,4.403167,0,0
"2016-05-07 21:50:00",51897,12.79473,1.285995E+008,4.2,2.4,6.2,4.16083,0,0
"2016-05-07 22:00:00",51898,12.79641,1.286001E+008,2.3,1.4,5,3.244667,0,0
"2016-05-07 22:10:00",51899,12.79976,1.286021E+008,4.3,2,6,3.835833,0,0
"2016-05-07 22:20:00",51900,12.80228,1.286037E+008,5.7,1.5,6.3,3.733998,0,0
"2016-05-07 22:30:00",51901,12.79557,1.28607E+008,5.6,2.5,6.5,4.421001,0,0
"2016-05-07 22:40:00",51902,12.79473,1.286095E+008,4,1.9,6.1,4.056334,0,0
"2016-05-07 22:50:00",51903,12.78298,1.286136E+008,5.2,2.3,8.5,5.116334,0,0
"2016-05-07 23:00:00",51904,12.79305,1.286171E+008,5.5,2.6,7.9,4.718168,0,0
"2016-05-07 23:10:00",51905,12.78801,1.286202E+008,4.7,2.4,6.8,4.3215,0,0
"2016-05-07 23:20:00",51906,12.7771,1.28624E+008,3.9,3.3,7.2,4.682667,0,0
"2016-05-07 23:30:00",51907,12.77122,1.286278E+008,5.4,2.5,8.7,4.917831,0,0
"2016-05-07 23:40:00",51908,12.7729,1.286325E+008,6.3,3.9,9.900001,5.655835,0,0
"2016-05-07 23:50:00",51909,12.78381,1.286352E+008,3.3,2.3,7,4.201333,0,0
"2016-05-08 00:00:00",51910,12.78046,1.286368E+008,3.7,2.2,6.6,3.753832,0,0
"2016-05-08 00:10:00",51911,12.7813,1.286376E+008,2.4,1.8,5.2,3.226,0,0
"2016-05-08 00:20:00",51912,12.77206,1.286376E+008,2.4,0.7,3.8,2.684334,0,0
"2016-05-08 00:30:00",51913,12.78549,1.286376E+008,2.2,1.1,4,2.118334,0,0
"2016-05-08 00:40:00",51914,12.77458,1.286376E+008,0.6,0.6,3.1,1.609667,0,0
"2016-05-08 00:50:00",51915,12.77374,1.286376E+008,1.9,0,3.8,0.9668333,0,0
"2016-05-08 01:00:00",51916,12.7729,1.286376E+008,2.7,1.4,4.2,2.414332,0,0
"2016-05-08 01:10:00",51917,12.76703,1.286376E+008,2.1,1.5,4.4,2.497498,0,0
"2016-05-08 01:20:00",51918,12.76199,1.286376E+008,1.5,0.6,2.8,1.664667,0,0
"2016-05-08 01:30:00",51919,12.76954,1.286376E+008,0.3,0.3,1.9,0.9490004,0,0
"2016-05-08 01:40:00",51920,12.75863,1.286376E+008,1.1,0.2,2.2,1.113,0,0
"2016-05-08 01:50:00",51921,12.75779,1.286376E+008,2.2,0.2,2.8,1.636666,0,0
"2016-05-08 02:00:00",51922,12.76031,1.286376E+008,2.1,0.8,2.8,1.827666,0,0
"2016-05-08 02:10:00",51923,12.75947,1.286376E+008,1.6,0.8,3.6,2.020668,0,0
"2016-05-08 02:20:00",51924,12.75695,1.286376E+008,1.3,0.8,2.7,1.447166,0,0
"2016-05-08 02:30:00",51925,12.74688,1.286376E+008,1,0,1.9,0.6738326,0,0
"2016-05-08 02:40:00",51926,12.74856,1.286376E+008,1.9,0.8,3.4,1.928168,0,0
"2016-05-08 02:50:00",51927,12.74856,1.286376E+008,1.4,1.3,3.3,2.046333,0,0
"2016-05-08 03:00:00",51928,12.75108,1.286376E+008,0,0,2.2,0.9468337,0,0
"2016-05-08 03:10:00",51929,12.76031,1.286376E+008,1,0,2,1.055167,165.3754,22.63554
"2016-05-08 03:20:00",51930,12.75359,1.286376E+008,1.9,0.9,2.3,1.490168,104.9945,23.37634
"2016-05-08 03:30:00",51931,12.75108,1.286376E+008,1.7,0.9,2.3,1.696333,88.68678,8.540555
"2016-05-08 03:40:00",51932,12.75275,1.286376E+008,2.2,1.6,2.7,2.271336,84.87527,6.857536
"2016-05-08 03:50:00",51933,12.73849,1.286376E+008,1.4,0.9,2.7,2.171833,0,0
"2016-05-08 04:00:00",51934,12.7494,1.286376E+008,1.5,1.2,2.7,2.162336,83.61023,9.93819
"2016-05-08 04:10:00",51935,12.74352,1.286376E+008,1.9,1.3,2.6,1.840167,84.06546,8.599258
"2016-05-08 04:20:00",51936,12.73429,1.286376E+008,0.5,0,2.5,1.385666,97.49013,18.97565
"2016-05-08 04:30:00",51937,12.73177,1.286376E+008,1.4,0,1.6,0.6364996,0,0
"2016-05-08 04:40:00",51938,12.72841,1.286376E+008,1.7,1.3,2.4,1.891334,83.84456,6.19885
"2016-05-08 04:50:00",51939,12.72925,1.286376E+008,1.3,1,2.4,1.815669,94.29649,11.19125
"2016-05-08 05:00:00",51940,12.72421,1.286376E+008,1.8,0.6,1.8,1.291332,101.5766,11.62391
"2016-05-08 05:10:00",51941,12.72421,1.286376E+008,1.7,1.1,2.6,1.869332,87.07996,8.330927
"2016-05-08 05:20:00",51942,12.72169,1.286376E+008,1.3,0.9,2.6,1.944333,88.60149,8.31496
"2016-05-08 05:30:00",51943,12.70491,1.286376E+008,2.1,0.7,2.3,1.661166,93.53046,8.982064
"2016-05-08 05:40:00",51944,12.71498,1.286376E+008,3,1.6,3.2,2.531166,81.92364,7.383808
"2016-05-08 05:50:00",51945,12.70659,1.286376E+008,2.5,2.4,3.8,3.116833,88.43858,4.913973
"2016-05-08 06:00:00",51946,12.70575,1.286376E+008,1.5,1.4,2.8,2.195669,86.42822,6.059767
"2016-05-08 06:10:00",51947,12.70239,1.286376E+008,0.8,0.1,2,1.081333,100.1651,18.55213
"2016-05-08 06:20:00",51948,12.70407,1.286376E+008,0.9,0,1.2,0.3049999,121.8803,17.75319
"2016-05-08 06:30:00",51949,12.69987,1.286376E+008,2.4,0,2.5,1.201999,89.08981,17.04809
"2016-05-08 06:40:00",51950,12.70071,1.286376E+008,1.9,1.6,2.6,2.166832,86.1695,7.210307
"2016-05-08 06:50:00",51951,12.69651,1.286376E+008,3.3,0.7,3.4,2.091333,91.79936,10.1321
"2016-05-08 07:00:00",51952,12.69483,1.286376E+008,1.9,1.8,3.5,2.523499,85.03817,6.047676
"2016-05-08 07:10:00",51953,12.68896,1.286376E+008,0.5,0,2.1,1.010833,123.9464,24.15398
"2016-05-08 07:20:00",51954,12.69232,1.286376E+008,2,0.2,2.2,1.329834,103.4923,16.49941
"2016-05-08 07:30:00",51955,12.69903,1.286376E+008,3.1,1.4,3.4,2.457498,84.82114,5.636078
"2016-05-08 07:40:00",51956,12.71078,1.286376E+008,0.8,0.3,3.2,2.37067,0,0
"2016-05-08 07:50:00",51957,12.70659,1.286376E+008,1.1,0,1.5,0.7320008,0,0
"2016-05-08 08:00:00",51958,12.76199,1.286376E+008,0.1,0,1.6,0.5026668,0,0
"2016-05-08 08:10:00",51959,12.76619,1.286376E+008,0.8,0,0.9,0.2445001,131.8099,16.02209
"2016-05-08 08:20:00",51960,12.77542,1.286376E+008,0,0,1.6,0.6013334,108.4129,12.44489
"2016-05-08 08:30:00",51961,12.75443,1.286376E+008,0,0,1.2,0.7503338,103.9564,9.002336
"2016-05-08 08:40:00",51962,12.76031,1.286376E+008,0.8,0,1.3,0.7823325,78.10753,14.35885
"2016-05-08 08:50:00",51963,12.75275,1.286376E+008,0.3,0,1.1,0.4805001,0,0
"2016-05-08 09:00:00",51964,12.7687,1.286376E+008,0.4,0.2,1.2,0.6936671,92.36695,6.86604
"2016-05-08 09:10:00",51965,12.77878,1.286376E+008,0.3,0,0.4,0.01950001,0,0
"2016-05-08 09:20:00",51966,12.84593,1.286376E+008,0,0,0.6,0.0668333,0,0
"2016-05-08 09:30:00",51967,12.94079,1.286376E+008,0,0,0.2,0.001666667,173.2417,2.829088
"2016-05-08 09:40:00",51968,13.01886,1.286376E+008,0.6,0,0.9,0.3953333,218.0705,14.89193
"2016-05-08 09:50:00",51969,13.10616,1.286376E+008,0.8,0,0.9,0.3766668,0,0
"2016-05-08 10:00:00",51970,13.17415,1.286376E+008,0.6,0,1.1,0.6605018,0,0
"2016-05-08 10:10:00",51971,13.21109,1.286376E+008,0,0,0.8,0.04583335,288.4933,6.214567
"2016-05-08 10:20:00",51972,13.26397,1.286376E+008,0,0,0.7,0.173,229.9664,5.065499
"2016-05-08 10:30:00",51973,13.25222,1.286376E+008,0,0,1,0.1581667,240.2816,7.454113
"2016-05-08 10:40:00",51974,13.21277,1.286376E+008,0,0,0.1,0.0001666667,229.4686,0
"2016-05-08 10:50:00",51975,13.22284,1.286376E+008,0,0,0.1,0.0006666667,241.7999,0.941734
"2016-05-08 11:00:00",51976,13.20773,1.286376E+008,0,0,0.8,0.09816658,206.0089,6.863922
"2016-05-08 11:10:00",51977,13.18087,1.286376E+008,0,0,1,0.1474999,220.2921,5.979756
"2016-05-08 11:20:00",51978,13.14477,1.286376E+008,1,0,1.5,0.8756673,221.4209,9.734304
"2016-05-08 11:30:00",51979,13.05915,1.286376E+008,0,0,1.3,0.7325006,208.1568,13.22482
"2016-05-08 11:40:00",51980,13.02054,1.286376E+008,0,0,0.4,0.01783334,187.7753,3.095041
"2016-05-08 11:50:00",51981,12.98276,1.286376E+008,1.3,0,1.5,0.13,0,0
"2016-05-08 12:00:00",51982,12.96513,1.286376E+008,0.9,0,4.2,1.371833,0,0
"2016-05-08 12:10:00",51983,13.00291,1.286376E+008,0.1,0.1,3.1,1.992333,190.373,15.87442
"2016-05-08 12:20:00",51984,13.12043,1.286381E+008,4,0,5.9,2.450333,0,0
"2016-05-08 12:30:00",51985,13.20018,1.286383E+008,2.5,1.5,5.2,2.909667,0,0
"2016-05-08 12:40:00",51986,13.29755,1.286391E+008,2.5,1.7,5.6,3.219833,0,0
"2016-05-08 12:50:00",51987,13.36135,1.286396E+008,3.6,1.2,5.4,2.848167,0,0
"2016-05-08 13:00:00",51988,13.37646,1.286416E+008,1.8,1.6,6.3,3.765335,96.16234,16.65543
"2016-05-08 13:10:00",51989,13.38401,1.286435E+008,3.7,1.7,6.4,3.690833,0,0
"2016-05-08 13:20:00",51990,13.40164,1.286464E+008,3.4,2.1,7.3,4.381503,85.17178,16.64255
"2016-05-08 13:30:00",51991,13.33029,1.286496E+008,4.6,1.6,8.3,4.636999,0,0
"2016-05-08 13:40:00",51992,13.28748,1.28654E+008,5.4,3.1,8.900001,5.654502,89.0454,16.87187
"2016-05-08 13:50:00",51993,13.25642,1.286584E+008,6.2,2.8,9.6,5.905499,86.42096,14.77907
"2016-05-08 14:00:00",51994,13.21948,1.286628E+008,8,2.9,9,5.556163,88.00552,14.22864
"2016-05-08 14:10:00",51995,13.20605,1.286671E+008,4.5,2.9,8.900001,5.205998,97.64953,14.28281
"2016-05-08 14:20:00",51996,13.19094,1.286704E+008,5.1,2.5,7.6,4.4295,102.9036,13.21955
"2016-05-08 14:30:00",51997,13.17667,1.28673E+008,4,2.6,7,4.104668,103.3512,12.48183
"2016-05-08 14:40:00",51998,13.13638,1.286741E+008,3.9,2.4,5.9,3.637835,109.0889,10.12619
"2016-05-08 14:50:00",51999,13.11791,1.28676E+008,4.3,2.3,5.9,3.826498,110.1806,12.72211
"2016-05-08 15:00:00",52000,13.08601,1.286786E+008,4.4,2.5,6.1,4.100833,107.9331,16.68945
"2016-05-08 15:10:00",52001,13.05243,1.286803E+008,4.1,1.8,6,3.761167,103.0299,12.21435
"2016-05-08 15:20:00",52002,13.03565,1.286824E+008,3.6,2.3,5.7,3.855166,114.097,10.11753
"2016-05-08 15:30:00",52003,13.01718,1.286831E+008,3.1,2,5.2,3.361833,108.9347,11.62786
"2016-05-08 15:40:00",52004,13.00207,1.286837E+008,2.5,0.8,5.6,2.635168,78.47549,21.22953
"2016-05-08 15:50:00",52005,12.98444,1.286837E+008,2.3,0.5,3.9,1.627332,0,0
"2016-05-08 16:00:00",52006,12.96681,1.286848E+008,1.6,1.3,6.1,3.527334,79.59765,16.12226
"2016-05-08 16:10:00",52007,12.93995,1.286848E+008,1,0.4,4,1.779333,0,0
"2016-05-08 16:20:00",52008,12.94163,1.286848E+008,1.3,0,2.4,0.9584997,0,0
"2016-05-08 16:30:00",52009,12.91561,1.286848E+008,1.6,0.7,2.8,1.498832,0,0
"2016-05-08 16:40:00",52010,12.90805,1.286848E+008,1.2,0.3,2.9,1.515167,0,0
"2016-05-08 16:50:00",52011,12.90469,1.286848E+008,2,0.8,2.7,1.387834,109.5005,28.45036
"2016-05-08 17:00:00",52012,12.8921,1.286848E+008,1.8,0.8,2.4,1.461501,78.61247,21.30963
"2016-05-08 17:10:00",52013,12.87783,1.286848E+008,1.5,0.5,2.4,1.374167,0,0
"2016-05-08 17:20:00",52014,12.87783,1.286848E+008,2.1,0.5,2.6,1.419833,0,0
"2016-05-08 17:30:00",52015,12.85852,1.286848E+008,1.6,1.4,3,2.026498,113.1985,14.21605
"2016-05-08 17:40:00",52016,12.85685,1.286848E+008,3.2,1.4,3.9,2.080165,112.7684,10.62183
"2016-05-08 17:50:00",52017,12.84761,1.286859E+008,3.8,2.2,6.1,3.603336,132.5095,16.06429
"2016-05-08 18:00:00",52018,12.83838,1.286865E+008,3.8,2.1,5.1,3.302168,134.3353,13.63013
"2016-05-08 18:10:00",52019,12.82243,1.286869E+008,2.8,1.5,4.9,3.097666,137.8966,14.23164
"2016-05-08 18:20:00",52020,12.81068,1.286872E+008,3.4,1.8,5.5,3.043664,144.3557,13.76764
"2016-05-08 18:30:00",52021,12.80396,1.286873E+008,2.9,2.1,4.4,2.814667,142.0072,11.17694
"2016-05-08 18:40:00",52022,12.79809,1.286873E+008,2,1.3,3.7,2.196499,131.8655,14.8361
"2016-05-08 18:50:00",52023,12.78046,1.286873E+008,1,0.9,2.6,1.716333,139.1011,14.87069
"2016-05-08 19:00:00",52024,12.77458,1.286873E+008,1.2,1,2.2,1.552666,142.5032,11.24598
"2016-05-08 19:10:00",52025,12.76535,1.286873E+008,1.2,0.9,2,1.411999,119.321,17.47581
"2016-05-08 19:20:00",52026,12.75863,1.286873E+008,2,0,2.8,0.9576669,114.3942,25.37302
"2016-05-08 19:30:00",52027,12.74688,1.286873E+008,1.2,0,4.1,1.779166,0,0
"2016-05-08 19:40:00",52028,12.7452,1.286873E+008,1.2,0,3.8,1.489167,109.7187,28.52835
"2016-05-08 19:50:00",52029,12.73093,1.286874E+008,1.6,0.4,5.6,1.900332,0,0
"2016-05-08 20:00:00",52030,12.73093,1.286885E+008,2.4,1.2,6.8,3.1025,0,0
"2016-05-08 20:10:00",52031,12.72254,1.286888E+008,1.2,0.7,5.1,2.344664,0,0
"2016-05-08 20:20:00",52032,12.72338,1.286902E+008,1.8,0.7,6.6,3.3265,88.90083,22.88873
"2016-05-08 20:30:00",52033,12.71162,1.286904E+008,4.3,0.4,6.2,2.083332,0,0
"2016-05-08 20:40:00",52034,12.71918,1.286914E+008,4.3,1.4,6.8,3.301833,0,0
"2016-05-08 20:50:00",52035,12.70575,1.286938E+008,4.2,1.7,6.8,4.085669,0,0
"2016-05-08 21:00:00",52036,12.71162,1.286952E+008,4.4,0.8,5.9,3.178332,0,0
"2016-05-08 21:10:00",52037,12.70323,1.286954E+008,2.6,1.3,4.9,2.914169,97.69323,18.27517
"2016-05-08 21:20:00",52038,12.70827,1.286962E+008,5.6,1.6,5.7,3.258336,104.8954,14.95991
"2016-05-08 21:30:00",52039,12.70407,1.286965E+008,1.7,1.1,5.3,2.580666,0,0
"2016-05-08 21:40:00",52040,12.69567,1.286965E+008,1.7,0.3,4,2.066001,0,0
"2016-05-08 21:50:00",52041,12.70071,1.286966E+008,1.7,1.3,5,2.680333,0,0
"2016-05-08 22:00:00",52042,12.69987,1.286966E+008,2,0.6,3.1,1.746,0,0
"2016-05-08 22:10:00",52043,12.69987,1.286966E+008,1.4,0.6,2.9,1.764667,0,0
"2016-05-08 22:20:00",52044,12.69483,1.286966E+008,1.1,0.3,2.4,1.2,0,0
"2016-05-08 22:30:00",52045,12.69315,1.286966E+008,0.6,0.1,2.6,1.321998,70.51769,19.80561
"2016-05-08 22:40:00",52046,12.6898,1.286966E+008,0.9,0.1,2.1,1.044168,120.3752,23.88023
"2016-05-08 22:50:00",52047,12.67469,1.286966E+008,1,0.5,2,1.158831,197.4762,65.89833
"2016-05-08 23:00:00",52048,12.68896,1.286966E+008,0.5,0,1.5,0.6733328,287.2778,25.65503
"2016-05-08 23:10:00",52049,12.67385,1.286966E+008,0.3,0,3.6,0.8408336,0,0
"2016-05-08 23:20:00",52050,12.67133,1.286966E+008,0.3,0,2.5,0.8515,0,0
"2016-05-08 23:30:00",52051,12.66713,1.286966E+008,2.1,0.2,3.5,2.122998,0,0
"2016-05-08 23:40:00",52052,12.66545,1.286966E+008,2,0.4,4.2,2.177665,0,0
"2016-05-08 23:50:00",52053,12.66545,1.286966E+008,2.2,0.7,3,2.060501,0,0
"2016-05-09 00:00:00",52054,12.67301,1.286966E+008,1.8,0,2.6,1.286666,0,0
"2016-05-09 00:10:00",52055,12.67553,1.286966E+008,1,0,3.4,0.8996662,123.8697,22.88158
"2016-05-09 00:20:00",52056,12.66377,1.286966E+008,1.1,0,1.4,0.4476669,325.2483,59.94931
"2016-05-09 00:30:00",52057,12.67217,1.286966E+008,0.2,0,1.3,0.5406662,0,0
"2016-05-09 00:40:00",52058,12.67301,1.286966E+008,0.4,0,1.5,0.4905,204.5911,49.52384
"2016-05-09 00:50:00",52059,12.66713,1.286966E+008,0.7,0,1.9,0.8895,0,0
"2016-05-09 01:00:00",52060,12.66126,1.286966E+008,0,0,1.1,0.1528333,230.1386,33.03174
"2016-05-09 01:10:00",52061,12.66713,1.286966E+008,0,0,0.7,0.129,0,0
"2016-05-09 01:20:00",52062,12.6537,1.286966E+008,0,0,0.8,0.1013333,0,0
"2016-05-09 01:30:00",52063,12.64447,1.286966E+008,0.8,0,2.2,0.9615005,0,0
"2016-05-09 01:40:00",52064,12.65706,1.286966E+008,1.2,0.5,1.8,1.055667,0,0
"2016-05-09 01:50:00",52065,12.64699,1.286966E+008,1,0.4,2.1,1.333665,0,0
"2016-05-09 02:00:00",52066,12.65706,1.286966E+008,0.9,0.3,1.5,0.9373313,0,0
"2016-05-09 02:10:00",52067,12.6621,1.286966E+008,0.7,0,1,0.4525008,0,0
"2016-05-09 02:20:00",52068,12.65538,1.286966E+008,1.4,0,1.5,0.649667,0,0
"2016-05-09 02:30:00",52069,12.65118,1.286966E+008,0.5,0.4,2,1.0755,0,0
"2016-05-09 02:40:00",52070,12.65622,1.286966E+008,0,0,1,0.4598327,0,0
"2016-05-09 02:50:00",52071,12.65454,1.286966E+008,0.3,0,0.5,0.02449999,0,0
"2016-05-09 03:00:00",52072,12.65118,1.286966E+008,0.3,0,0.4,0.1391667,0,0
"2016-05-09 03:10:00",52073,12.6495,1.286966E+008,0,0,0.5,0.05866662,140.0449,7.721777
"2016-05-09 03:20:00",52074,12.64699,1.286966E+008,0.2,0,0.5,0.1825003,238.4511,5.230122
"2016-05-09 03:30:00",52075,12.64195,1.286966E+008,0.3,0,0.8,0.378333,203.2204,15.55521
"2016-05-09 03:40:00",52076,12.65118,1.286966E+008,0,0,0.4,0.04083338,179.116,0.689164
"2016-05-09 03:50:00",52077,12.64195,1.286966E+008,0,0,0.4,0.03966669,139.931,2.155021
"2016-05-09 04:00:00",52078,12.65034,1.286966E+008,0.6,0,1.5,0.6331667,211.2196,22.25828
"2016-05-09 04:10:00",52079,12.64531,1.286966E+008,0,0,1,0.2040001,222.1407,13.90714
"2016-05-09 04:20:00",52080,12.62684,1.286966E+008,1.8,0,1.9,0.5061667,0,0
"2016-05-09 04:30:00",52081,12.64531,1.286966E+008,1.2,1,1.9,1.455668,0,0
"2016-05-09 04:40:00",52082,12.63607,1.286966E+008,1.8,0.8,2.2,1.4185,0,0
"2016-05-09 04:50:00",52083,12.63272,1.286966E+008,0.1,0,2,0.8653324,0,0
"2016-05-09 05:00:00",52084,12.6495,1.286966E+008,1.1,0,1.3,0.5973341,0,0
"2016-05-09 05:10:00",52085,12.64363,1.286966E+008,0,0,1.4,0.8024999,107.5236,15.22268
"2016-05-09 05:20:00",52086,12.63355,1.286966E+008,0.6,0,0.6,0.1143333,302.8773,30.31195
"2016-05-09 05:30:00",52087,12.61761,1.286966E+008,1.8,0.5,2.5,1.501165,0,0
"2016-05-09 05:40:00",52088,12.62768,1.286966E+008,1.5,0.1,2.7,1.337667,0,0
"2016-05-09 05:50:00",52089,12.62348,1.286967E+008,3.7,1.2,4.4,2.696668,0,0
"2016-05-09 06:00:00",52090,12.61761,1.286968E+008,2.1,0.5,4.4,2.357,0,0
"2016-05-09 06:10:00",52091,12.63607,1.286968E+008,0,0,2.8,1.173999,0,0
"2016-05-09 06:20:00",52092,12.63607,1.286968E+008,1,0,2.2,0.9556665,155.7225,13.22461
"2016-05-09 06:30:00",52093,12.63272,1.286968E+008,0.7,0.3,1.9,1.147,130.7579,21.68916
"2016-05-09 06:40:00",52094,12.62096,1.286968E+008,0.6,0,1.7,0.4359998,0,0
"2016-05-09 06:50:00",52095,12.63691,1.286968E+008,0.2,0,1.2,0.4743338,0,0
"2016-05-09 07:00:00",52096,12.62012,1.286968E+008,1.3,0,2.4,0.93,0,0
"2016-05-09 07:10:00",52097,12.61425,1.286968E+008,1,0,3.1,0.8770001,0,0
"2016-05-09 07:20:00",52098,12.6218,1.286968E+008,0.7,0.1,3.6,1.363335,0,0
"2016-05-09 07:30:00",52099,12.62432,1.286968E+008,2.1,0.3,3.1,1.424833,0,0
"2016-05-09 07:40:00",52100,12.63355,1.286968E+008,2.6,0.5,4.8,2.088001,0,0
"2016-05-09 07:50:00",52101,12.63607,1.28697E+008,3.2,1,4.7,2.614333,0,0
"2016-05-09 08:00:00",52102,12.65118,1.286971E+008,2.1,1.3,4.9,2.401499,0,0
"2016-05-09 08:10:00",52103,12.64111,1.286973E+008,3.3,1.2,4.6,2.982334,0,0
"2016-05-09 08:20:00",52104,12.64363,1.286974E+008,3.4,1.1,4.6,2.839667,0,0
"2016-05-09 08:30:00",52105,12.6537,1.286976E+008,2.9,1.2,4.8,2.726833,0,0
"2016-05-09 08:40:00",52106,12.63859,1.286979E+008,2.5,0.9,5.8,2.654667,0,0
"2016-05-09 08:50:00",52107,12.67385,1.286983E+008,2.1,1.1,5.7,2.6855,0,0
"2016-05-09 09:00:00",52108,12.65454,1.286986E+008,3.4,0.5,5.6,2.721999,0,0
"2016-05-09 09:10:00",52109,12.66881,1.286987E+008,2.3,1.3,4.8,2.572166,0,0
"2016-05-09 09:20:00",52110,12.68308,1.286988E+008,2.4,1.1,4.6,2.510001,0,0
"2016-05-09 09:30:00",52111,12.74856,1.286989E+008,2.8,1.1,5,2.622001,0,0
"2016-05-09 09:40:00",52112,12.80984,1.286993E+008,3.1,0.4,5.3,2.523,0,0
"2016-05-09 09:50:00",52113,12.87028,1.287011E+008,3,1.8,6.7,3.810501,0,0
"2016-05-09 10:00:00",52114,13.02473,1.287033E+008,3.2,1.4,8.2,3.947001,0,0
"2016-05-09 10:10:00",52115,12.98276,1.28707E+008,3.5,2.2,9.3,4.973835,0,0
"2016-05-09 10:20:00",52116,13.00039,1.287094E+008,3.3,1.3,8.2,4.124834,0,0
"2016-05-09 10:30:00",52117,12.97521,1.287116E+008,4,1.1,8.400001,3.986165,0,0
"2016-05-09 10:40:00",52118,12.94583,1.287127E+008,1.4,0.6,6.9,3.167832,0,0
"2016-05-09 10:50:00",52119,12.89798,1.287146E+008,5,0.9,7.8,3.659167,0,0
"2016-05-09 11:00:00",52120,12.86692,1.287179E+008,2.2,1.8,8,4.728667,0,0
"2016-05-09 11:10:00",52121,12.86272,1.287196E+008,3.5,1.4,7,3.660499,0,0
"2016-05-09 11:20:00",52122,12.92904,1.287218E+008,2.4,1.3,8.900001,3.941664,0,0
"2016-05-09 11:30:00",52123,13.10196,1.287243E+008,6.5,1.2,8.2,4.238833,0,0
"2016-05-09 11:40:00",52124,13.06587,1.287279E+008,5.8,2.5,8.900001,5.007334,0,0
"2016-05-09 11:50:00",52125,13.09105,1.28732E+008,1.9,1.6,8.3,5.192836,0,0
"2016-05-09 12:00:00",52126,13.23879,1.287364E+008,5.5,1.9,8.7,5.541165,0,0
"2016-05-09 12:10:00",52127,13.55274,1.287405E+008,5.1,2.7,8.8,5.267165,0,0
"2016-05-09 12:20:00",52128,13.35547,1.287443E+008,4.4,2.2,9.900001,5.181332,0,0
"2016-05-09 12:30:00",52129,13.27573,1.287488E+008,6.4,2.3,9.6,5.970833,0,0
"2016-05-09 12:40:00",52130,13.12714,1.287529E+008,7.8,1.6,8.6,5.229834,0,0
"2016-05-09 12:50:00",52131,13.08685,1.287571E+008,4.2,2.7,9.3,5.621166,0,0
"2016-05-09 13:00:00",52132,13.05243,1.287609E+008,4.6,2.3,8.5,5.059164,0,0
"2016-05-09 13:10:00",52133,13.04236,1.287638E+008,5.8,0.6,7.1,4.250999,0,0
"2016-05-09 13:20:00",52134,13.08182,1.287673E+008,3.3,1.6,9.2,4.859831,0,0
"2016-05-09 13:30:00",52135,13.10868,1.287695E+008,3.7,1.4,8,3.993667,0,0
"2016-05-09 13:40:00",52136,13.14309,1.287717E+008,5.3,1.5,6.7,3.862334,0,0
"2016-05-09 13:50:00",52137,13.14897,1.287741E+008,3.8,1.6,7.5,4.144336,0,0
"2016-05-09 14:00:00",52138,13.17919,1.28777E+008,6.5,1.7,7,4.292501,0,0
"2016-05-09 14:10:00",52139,13.039,1.287804E+008,5.9,2,8.5,4.733667,0,0
"2016-05-09 14:20:00",52140,12.97605,1.287832E+008,2.2,1.3,7.8,4.330167,0,0
"2016-05-09 14:30:00",52141,13.02306,1.287842E+008,4,1.3,6.2,3.3095,0,0
"2016-05-09 14:40:00",52142,12.94834,1.287877E+008,2.4,1.8,9.400001,4.811833,0,0
"2016-05-09 14:50:00",52143,12.96177,1.287901E+008,4.2,1.9,9.3,4.183002,0,0
"2016-05-09 15:00:00",52144,12.91812,1.287941E+008,5.6,2.6,8.1,4.915833,0,0
"2016-05-09 15:10:00",52145,12.90301,1.287978E+008,3.5,2.2,9.400001,4.958002,0,0
"2016-05-09 15:20:00",52146,12.88623,1.288017E+008,6.4,2.4,9,5.097999,0,0
"2016-05-09 15:30:00",52147,12.88119,1.288057E+008,3,2.1,9.1,5.3185,0,0
"2016-05-09 15:40:00",52148,12.87112,1.288092E+008,5.9,2.2,9.3,5.022499,0,0
"2016-05-09 15:50:00",52149,12.86104,1.288124E+008,2.3,1.9,9.5,4.652667,0,0
"2016-05-09 16:00:00",52150,12.88455,1.288159E+008,6,1.8,8.900001,5.013001,0,0
"2016-05-09 16:10:00",52151,12.85517,1.288196E+008,6,2.2,10.2,5.262,0,0
"2016-05-09 16:20:00",52152,12.82998,1.288228E+008,5.4,2.3,7.8,4.576334,0,0
"2016-05-09 16:30:00",52153,12.82663,1.28825E+008,6.3,1.3,7.8,3.941168,0,0
"2016-05-09 16:40:00",52154,12.80648,1.288275E+008,3.6,2,8.1,4.252004,0,0
"2016-05-09 16:50:00",52155,12.79976,1.288298E+008,6.5,1.2,10.1,4.182666,0,0
"2016-05-09 17:00:00",52156,12.7771,1.288313E+008,3.3,1.6,6.7,3.479501,0,0
"2016-05-09 17:10:00",52157,12.76787,1.288339E+008,4.7,1.8,8.1,4.287164,0,0
"2016-05-09 17:20:00",52158,12.74184,1.288379E+008,6.8,2.5,10,5.364336,0,0
"2016-05-09 17:30:00",52159,12.72589,1.288416E+008,5.4,2.1,10.2,5.197332,0,0
"2016-05-09 17:40:00",52160,12.71582,1.288444E+008,2.3,1.5,7.6,4.300832,0,0
"2016-05-09 17:50:00",52161,12.69567,1.288476E+008,13,1.5,14.5,5.733169,0,0
"2016-05-09 18:00:00",52162,12.69567,1.288514E+008,2.5,2.1,12.9,5.709332,297.9666,17.91959
"2016-05-09 18:10:00",52163,12.67888,1.288526E+008,3.4,1.3,6.6,3.269331,282.5933,17.85433
"2016-05-09 18:20:00",52164,12.67385,1.28853E+008,2.1,1,4.8,2.633333,274.3177,19.01992
"2016-05-09 18:30:00",52165,12.66293,1.28853E+008,2.6,0.5,3.7,2.1415,257.0717,24.35525
"2016-05-09 18:40:00",52166,12.64783,1.28853E+008,0.8,0,4.2,2.498666,213.0114,29.72495
"2016-05-09 18:50:00",52167,12.63775,1.28853E+008,3.4,0,3.8,2.362832,180.244,30.43407
"2016-05-09 19:00:00",52168,12.626,1.288531E+008,3.1,1.6,4.2,2.669834,193.3617,17.23219
"2016-05-09 19:10:00",52169,12.62684,1.288531E+008,1.3,1.1,4,2.394167,227.3065,18.84121
"2016-05-09 19:20:00",52170,12.626,1.288531E+008,2.1,0.6,3.2,1.716667,233.1543,20.62066
"2016-05-09 19:30:00",52171,12.61509,1.288531E+008,0.9,0.9,2.7,1.840169,239.1519,15.93116
"2016-05-09 19:40:00",52172,12.61844,1.288531E+008,1.5,0.2,1.9,1.088,261.3905,16.17632
"2016-05-09 19:50:00",52173,12.60753,1.288531E+008,0.3,0,1.7,0.5821667,266.9478,17.39935
"2016-05-09 20:00:00",52174,12.60082,1.288531E+008,0,0,0.5,0.02066667,298.1815,7.990937
"2016-05-09 20:10:00",52175,12.60669,1.288531E+008,0.9,0,1.4,0.6083332,0,0
"2016-05-09 20:20:00",52176,12.5983,1.288531E+008,0.9,0,1.7,0.9903334,0,0
"2016-05-09 20:30:00",52177,12.59242,1.288531E+008,3.3,0.8,3.9,1.941166,0,0
"2016-05-09 20:40:00",52178,12.59242,1.288547E+008,5.8,2.1,7,3.914666,0,0
"2016-05-09 20:50:00",52179,12.59074,1.288595E+008,6.9,4.5,10.1,6.594163,0,0
"2016-05-09 21:00:00",52180,12.58906,1.288647E+008,8.2,5.3,14.5,9.249496,0,0
"2016-05-09 21:10:00",52181,12.59326,1.288699E+008,12.6,5.5,14.6,9.496164,0,0
"2016-05-09 21:20:00",52182,12.58403,1.288749E+008,6.8,4.7,15,8.835335,0,0
"2016-05-09 21:30:00",52183,12.5899,1.288797E+008,9,5.2,13.3,8.492332,0,0
"2016-05-09 21:40:00",52184,12.59074,1.28885E+008,8,4,16.6,8.974836,0,0
"2016-05-09 21:50:00",52185,12.57731,1.288899E+008,7.5,3.6,15.6,8.417333,0,0
"2016-05-09 22:00:00",52186,12.58403,1.288947E+008,10.6,4.6,11.7,7.912334,327.4711,12.1136
"2016-05-09 22:10:00",52187,12.57563,1.288995E+008,7.2,4,9.8,6.626837,0,0
"2016-05-09 22:20:00",52188,12.58151,1.289045E+008,11.6,3.8,14.8,8.39183,0,0
"2016-05-09 22:30:00",52189,12.58403,1.289094E+008,7.9,4.2,13.9,8.214996,0,0
"2016-05-09 22:40:00",52190,12.57479,1.289145E+008,9.400001,4.2,15.7,8.700832,0,0
"2016-05-09 22:50:00",52191,12.57395,1.289196E+008,7.2,5,16,8.793504,0,0
"2016-05-09 23:00:00",52192,12.57899,1.289244E+008,5.7,4.3,12.7,7.150331,0,0
"2016-05-09 23:10:00",52193,12.57228,1.289291E+008,5.9,3.3,10,5.999327,0,0
"2016-05-09 23:20:00",52194,12.56724,1.289338E+008,5.9,3.5,10.8,6.966168,0,0
"2016-05-09 23:30:00",52195,12.56724,1.289384E+008,3.1,2.8,9.2,5.794333,0,0
"2016-05-09 23:40:00",52196,12.56472,1.28943E+008,6.1,3,11,6.731502,0,0
"2016-05-09 23:50:00",52197,12.56136,1.289478E+008,7.6,4.6,11.7,7.419834,0,0
"2016-05-10 00:00:00",52198,12.55884,1.289526E+008,6.4,3.8,8.6,6.092669,0,0
"2016-05-10 00:10:00",52199,12.56724,1.289572E+008,6.2,3.4,10.1,5.817999,0,0
"2016-05-10 00:20:00",52200,12.55801,1.289607E+008,5,1.9,8.6,4.598166,0,0
"2016-05-10 00:30:00",52201,12.55297,1.289632E+008,5.4,2.2,6.5,4.158998,0,0
"2016-05-10 00:40:00",52202,12.55381,1.289646E+008,2,0.8,7.3,3.482167,0,0
"2016-05-10 00:50:00",52203,12.55633,1.289658E+008,1.5,1.4,5.6,3.199167,0,0
"2016-05-10 01:00:00",52204,12.54793,1.28966E+008,2.2,0.4,5.3,2.155999,0,0
"2016-05-10 01:10:00",52205,12.55465,1.289661E+008,1.1,1,4.4,2.1715,0,0
"2016-05-10 01:20:00",52206,12.54373,1.289661E+008,2.6,0.5,3.3,1.982834,0,0
"2016-05-10 01:30:00",52207,12.55129,1.289666E+008,2.1,0.9,5.2,2.901667,0,0
"2016-05-10 01:40:00",52208,12.53702,1.28967E+008,3.7,1.6,4.9,2.994166,0,0
"2016-05-10 01:50:00",52209,12.54122,1.289679E+008,2.9,2,6.7,3.5065,0,0
"2016-05-10 02:00:00",52210,12.54457,1.289697E+008,3,2,6.6,3.765666,327.3297,13.55421
"2016-05-10 02:10:00",52211,12.53954,1.289724E+008,3.6,2.5,6.3,4.110835,328.8105,9.073204
"2016-05-10 02:20:00",52212,12.53786,1.289735E+008,4.2,2.4,5.5,3.69,0,0
"2016-05-10 02:30:00",52213,12.53534,1.28976E+008,5.3,2.7,6.2,4.195334,0,0
"2016-05-10 02:40:00",52214,12.54038,1.289808E+008,7.8,4.2,9.2,6.10333,0,0
"2016-05-10 02:50:00",52215,12.52946,1.289856E+008,6.6,4.3,8.400001,6.067667,0,0
"2016-05-10 03:00:00",52216,12.54038,1.289903E+008,6.1,3.8,7.5,5.451833,0,0
"2016-05-10 03:10:00",52217,12.54038,1.289944E+008,5.2,2.7,6.4,4.763997,0,0
"2016-05-10 03:20:00",52218,12.53114,1.28998E+008,3.5,2.2,6.9,4.510331,318.247,13.79761
"2016-05-10 03:30:00",52219,12.53786,1.290018E+008,4.8,2.2,7.2,4.749832,317.361,12.76977
"2016-05-10 03:40:00",52220,12.53618,1.290063E+008,6.8,3.3,8.7,5.453,314.7564,13.42487
"2016-05-10 03:50:00",52221,12.5387,1.290111E+008,7.6,3.5,9,6.133499,302.0458,11.72199
"2016-05-10 04:00:00",52222,12.53366,1.290159E+008,5.5,4.3,9.3,6.6015,302.8019,10.12629
"2016-05-10 04:10:00",52223,12.52611,1.290207E+008,7.9,4.5,9.6,6.797164,304.4381,11.91396
"2016-05-10 04:20:00",52224,12.53282,1.290255E+008,5.5,4.1,8.8,6.492667,310.8996,11.98685
"2016-05-10 04:30:00",52225,12.52695,1.290303E+008,6.2,3.3,10.7,7.069329,318.6737,10.67725
"2016-05-10 04:40:00",52226,12.52611,1.290351E+008,4.7,4.1,8.900001,6.466998,315.661,10.33368
"2016-05-10 04:50:00",52227,12.51268,1.290399E+008,6.9,3.8,9.900001,5.792666,316.7406,11.14984
"2016-05-10 05:00:00",52228,12.5303,1.290446E+008,4.6,3.2,8.8,5.946999,308.4283,12.5937
"2016-05-10 05:10:00",52229,12.52779,1.290494E+008,6.2,3.8,10.5,6.463166,301.437,13.3391
"2016-05-10 05:20:00",52230,12.52191,1.290541E+008,6.9,3.8,8.6,5.886333,0,0
"2016-05-10 05:30:00",52231,12.52107,1.290589E+008,5,4.1,9.7,6.775331,306.1906,11.28754
"2016-05-10 05:40:00",52232,12.52275,1.290637E+008,4.2,3.8,8.6,6.019499,296.9604,10.31618
"2016-05-10 05:50:00",52233,12.51939,1.290683E+008,6.6,3.4,8.5,6.035834,290.0601,9.864061
"2016-05-10 06:00:00",52234,12.51771,1.290731E+008,6.8,4,12.3,7.281329,296.795,10.38753
"2016-05-10 06:10:00",52235,12.50764,1.290779E+008,8.3,3.8,10.1,6.711166,300.0647,11.14873
"2016-05-10 06:20:00",52236,12.51016,1.290827E+008,6.2,3.5,10,7.413506,311.1451,12.6547
"2016-05-10 06:30:00",52237,12.52023,1.290875E+008,7.4,5.3,11.8,8.37633,318.7889,10.45123
"2016-05-10 06:40:00",52238,12.50848,1.290925E+008,7.4,4.6,13.3,8.819999,322.5192,14.0656
"2016-05-10 06:50:00",52239,12.51352,1.290973E+008,9.2,6.3,11.8,8.853506,0,0
"2016-05-10 07:00:00",52240,12.50344,1.291021E+008,7.1,5.2,11.4,7.808999,327.9998,12.05859
"2016-05-10 07:10:00",52241,12.50764,1.291069E+008,6.5,4.2,11.3,7.316504,0,0
"2016-05-10 07:20:00",52242,12.50848,1.291117E+008,7.6,4.2,10.1,7.076834,324.8275,13.33799
"2016-05-10 07:30:00",52243,12.51519,1.291165E+008,8,4.5,11.5,7.369166,0,0
"2016-05-10 07:40:00",52244,12.55213,1.291213E+008,7.8,5.7,12.4,8.620165,319.6853,12.43014
"2016-05-10 07:50:00",52245,12.60501,1.291261E+008,5.3,3.7,9.1,6.3385,322.9002,11.59353
"2016-05-10 08:00:00",52246,12.91309,1.291308E+008,5.8,3.4,10.2,5.671336,0,0
"2016-05-10 08:10:00",52247,12.95002,1.291355E+008,6.3,3.8,12.4,6.370502,0,0
"2016-05-10 08:20:00",52248,12.74604,1.291401E+008,6.6,3,12.8,6.472335,0,0
"2016-05-10 08:30:00",52249,12.75611,1.291449E+008,6.2,3.6,9.6,6.016832,0,0
"2016-05-10 08:40:00",52250,12.74772,1.291489E+008,5.9,1.8,9.7,5.190503,0,0
"2016-05-10 08:50:00",52251,13.0751,1.291535E+008,6.5,2.7,9.3,5.963999,0,0
"2016-05-10 09:00:00",52252,13.05327,1.291583E+008,6.3,4.4,11.9,7.083834,327.1671,11.83974
"2016-05-10 09:10:00",52253,12.8879,1.29163E+008,6.7,3.9,9.2,6.09533,323.9092,12.79557
"2016-05-10 09:20:00",52254,12.77542,1.29168E+008,7.7,4.6,14.2,8.264834,307.2713,15.5383
"2016-05-10 09:30:00",52255,12.76619,1.291734E+008,9.6,5.6,16.3,9.921834,285.1638,13.59301
"2016-05-10 09:40:00",52256,12.8644,1.291807E+008,9.900001,5.7,18.2,12.13716,279.3495,12.56017
"2016-05-10 09:50:00",52257,13.5838,1.291886E+008,11.1,5.3,20.9,13.22716,266.2597,13.99388
"2016-05-10 10:00:00",52258,14.0287,1.29195E+008,9.400001,5.5,19.2,11.23733,260.0075,14.37802
"2016-05-10 10:10:00",52259,13.72734,1.292031E+008,14.2,5.6,19.2,13.04167,247.9556,13.57633
"2016-05-10 10:20:00",52260,13.90698,1.29211E+008,11.3,6.6,18.6,12.61917,248.2395,12.06675
"2016-05-10 10:30:00",52261,13.41004,1.292181E+008,10.2,5.4,18.7,11.889,246.3745,12.92939
"2016-05-10 10:40:00",52262,13.20605,1.292235E+008,8.7,5.3,15,10.14516,240.5707,11.85747
"2016-05-10 10:50:00",52263,13.10532,1.292281E+008,3.8,2.9,11,7.130333,246.091,15.19247
"2016-05-10 11:00:00",52264,13.05915,1.292323E+008,3.8,2.8,9.5,5.580168,260.5154,17.10991
"2016-05-10 11:10:00",52265,13.06587,1.292358E+008,6.3,2.2,7.4,4.673003,256.3244,18.0209
"2016-05-10 11:20:00",52266,13.35883,1.292404E+008,9.8,3.3,11.9,7.400833,270.3023,11.99715
"2016-05-10 11:30:00",52267,13.6073,1.292455E+008,12.4,4,13.8,9.612164,271.449,11.87529
"2016-05-10 11:40:00",52268,13.62157,1.292505E+008,10.2,4.8,13.4,9.274337,270.3325,12.28411
"2016-05-10 11:50:00",52269,13.635,1.29256E+008,6.5,4.8,15.1,9.987,273.0829,11.71727
"2016-05-10 12:00:00",52270,13.71223,1.292613E+008,8.3,4.2,16,9.483333,266.5251,13.4256
"2016-05-10 12:10:00",52271,14.49879,1.292667E+008,9.8,4.6,16.3,9.584669,264.0394,14.6667
"2016-05-10 12:20:00",52272,13.27489,1.292725E+008,9.3,5,16.3,9.994831,274.0697,12.67884
"2016-05-10 12:30:00",52273,14.50131,1.292777E+008,8.7,4.6,14,9.511839,284.9625,15.2208
"2016-05-10 12:40:00",52274,14.38798,1.292838E+008,11.7,6.5,18.8,10.74099,287.2254,14.02057
"2016-05-10 12:50:00",52275,13.72483,1.292904E+008,9.1,6.4,17.1,11.45183,281.0176,12.54393
"2016-05-10 13:00:00",52276,14.63813,1.292975E+008,8.900001,5.1,17.2,11.78749,288.482,11.84225
"2016-05-10 13:10:00",52277,13.49818,1.293026E+008,6.5,5.6,14.5,9.529333,275.6652,12.89803
"2016-05-10 13:20:00",52278,13.41507,1.293089E+008,7.2,4.1,16.2,10.66017,282.2185,14.75292
"2016-05-10 13:30:00",52279,13.39828,1.293154E+008,12.2,4.3,16.9,11.3275,289.6483,15.36176
"2016-05-10 13:40:00",52280,13.3966,1.293212E+008,8.7,5.6,16.6,10.314,285.2301,13.60942
"2016-05-10 13:50:00",52281,13.92461,1.293263E+008,9.400001,4.4,14.2,9.820337,283.6973,13.95063
"2016-05-10 14:00:00",52282,14.68514,1.293334E+008,10.2,6.6,16.7,11.88267,291.2456,10.49547
"2016-05-10 14:10:00",52283,13.41004,1.293411E+008,10.7,6.9,18.3,12.4155,289.9437,12.1326
"2016-05-10 14:20:00",52284,14.43583,1.293481E+008,10.1,6.7,18.2,11.86267,295.9957,11.70346
"2016-05-10 14:30:00",52285,13.44529,1.29353E+008,7.6,4.3,14.7,9.117499,277.3295,11.65039
"2016-05-10 14:40:00",52286,13.41507,1.293585E+008,9.1,3.7,15.5,9.48184,264.7347,16.58769
"2016-05-10 14:50:00",52287,14.71368,1.293639E+008,7.9,5.1,14.8,9.845162,277.175,12.47139
"2016-05-10 15:00:00",52288,13.6157,1.293687E+008,5.3,4.5,12.4,8.376163,286.8457,12.75111
"2016-05-10 15:10:00",52289,13.53427,1.293745E+008,10.6,4.5,15.7,10.19066,284.3157,15.60434
"2016-05-10 15:20:00",52290,13.32441,1.293797E+008,9.8,4.8,15,9.101998,285.6021,11.57377
"2016-05-10 15:30:00",52291,13.30679,1.293846E+008,8.8,4.9,13.3,8.320334,285.042,10.81975
"2016-05-10 15:40:00",52292,13.35883,1.293894E+008,7.4,4.3,10.7,7.189499,284.1492,11.33864
"2016-05-10 15:50:00",52293,13.21696,1.293942E+008,7.1,4.2,10.9,7.40217,292.0399,10.19697
"2016-05-10 16:00:00",52294,13.11287,1.293997E+008,13,4.3,16.2,9.081995,283.2374,13.49478
"2016-05-10 16:10:00",52295,13.10112,1.294048E+008,8.3,3.8,14.7,8.919503,271.3986,15.12934
"2016-05-10 16:20:00",52296,13.0709,1.294097E+008,7,4,12.6,8.363004,264.4852,13.82739
"2016-05-10 16:30:00",52297,13.06587,1.294145E+008,4.5,4.2,11.6,7.523827,254.03,15.2988
"2016-05-10 16:40:00",52298,13.04824,1.294183E+008,7.5,2.2,8.3,5.044163,256.4366,19.42901
"2016-05-10 16:50:00",52299,13.02977,1.294229E+008,6.8,2.7,10.7,6.563332,277.672,16.03955
"2016-05-10 17:00:00",52300,13.01046,1.294277E+008,8.8,4.5,11.3,7.720502,291.8554,11.13104
"2016-05-10 17:10:00",52301,12.99283,1.294326E+008,9.5,4.4,12.9,8.217333,294.4799,12.81971
"2016-05-10 17:20:00",52302,12.97353,1.294382E+008,11.6,5.7,15.6,10.58117,301.7366,10.62668
"2016-05-10 17:30:00",52303,12.97437,1.294432E+008,9.7,6.5,15.9,9.416168,308.043,11.71833
"2016-05-10 17:40:00",52304,12.9601,1.294481E+008,7.6,5.8,12,8.597334,305.5519,10.72656
"2016-05-10 17:50:00",52305,12.95338,1.294529E+008,7.9,5.2,11.4,8.503498,301.4434,11.04632
"2016-05-10 18:00:00",52306,12.95422,1.294578E+008,8,6.4,13.2,9.3695,298.7004,10.7279
"2016-05-10 18:10:00",52307,12.95086,1.294626E+008,5.9,3.4,12.2,7.896494,285.5999,11.18063
"2016-05-10 18:20:00",52308,12.94079,1.294679E+008,9.8,4.4,16.6,8.754164,279.3123,14.0659
"2016-05-10 18:30:00",52309,12.93239,1.29473E+008,6.6,5.6,14.4,9.426164,289.133,10.62643
"2016-05-10 18:40:00",52310,12.93072,1.294781E+008,10.8,5.5,14.2,9.618836,293.0138,9.682566
"2016-05-10 18:50:00",52311,12.92484,1.29483E+008,8.1,4.6,13.2,9.186334,289.2061,10.80373
"2016-05-10 19:00:00",52312,12.91645,1.29488E+008,4.3,4.3,14.3,9.15733,285.0904,11.50459
"2016-05-10 19:10:00",52313,12.90973,1.294929E+008,7.3,4.9,13.5,9.048837,278.5756,11.32765
"2016-05-10 19:20:00",52314,12.89378,1.294987E+008,9.1,5.1,16.4,10.28783,279.567,13.73534
"2016-05-10 19:30:00",52315,12.89462,1.295039E+008,7.6,5.6,14.8,9.667175,281.1551,11.4956
"2016-05-10 19:40:00",52316,12.88958,1.295087E+008,9.8,5.4,12.7,8.942498,274.9693,11.31767
"2016-05-10 19:50:00",52317,12.89042,1.295136E+008,9.7,4.5,12.3,8.185833,271.4042,11.39039
"2016-05-10 20:00:00",52318,12.88119,1.295183E+008,8.6,3.9,10.7,7.235171,271.9902,12.17475
"2016-05-10 20:10:00",52319,12.87867,1.295231E+008,8,3.9,11.7,7.386331,262.0357,13.67198
"2016-05-10 20:20:00",52320,12.87531,1.295298E+008,8.1,5,17.4,11.29167,276.7944,14.51927
"2016-05-10 20:30:00",52321,12.87363,1.295358E+008,11.3,5.2,16.9,10.41434,260.6382,14.27482
"2016-05-10 20:40:00",52322,12.87447,1.295426E+008,13,6.4,17.4,11.53867,251.8994,13.26237
"2016-05-10 20:50:00",52323,12.86524,1.295476E+008,11.6,4.6,13.6,8.909831,269.7141,14.05695
"2016-05-10 21:00:00",52324,12.87363,1.295534E+008,12.2,5.5,15.7,10.50733,271.292,13.26146
"2016-05-10 21:10:00",52325,12.86692,1.295589E+008,7.6,5.5,14.8,10.035,253.4417,13.30687
"2016-05-10 21:20:00",52326,12.86356,1.295637E+008,7.8,3.9,10.6,7.426,256.4598,13.32956
"2016-05-10 21:30:00",52327,12.86104,1.295685E+008,7.9,3.8,10.5,6.4855,259.4068,16.88045
"2016-05-10 21:40:00",52328,12.85769,1.295732E+008,8.7,3.4,10.5,6.612997,273.1716,13.11025
"2016-05-10 21:50:00",52329,12.83586,1.295781E+008,10.2,4.7,12.6,8.753336,276.6422,12.60277
"2016-05-10 22:00:00",52330,12.84845,1.29583E+008,9.2,5.1,13.8,9.2075,284.236,12.92193
"2016-05-10 22:10:00",52331,12.83754,1.295878E+008,7.8,4.2,11.5,7.180002,274.0871,13.39793
"2016-05-10 22:20:00",52332,12.82579,1.295926E+008,9.6,4.5,10.3,6.842496,285.3166,11.23204
"2016-05-10 22:30:00",52333,12.82327,1.295975E+008,10.1,5.5,12.3,8.5965,287.7844,11.57781
"2016-05-10 22:40:00",52334,12.82495,1.296023E+008,9.5,5.4,12.6,8.973501,286.2693,12.00778
"2016-05-10 22:50:00",52335,12.83082,1.296074E+008,9.400001,5.5,13.2,9.529332,288.1539,10.41371
"2016-05-10 23:00:00",52336,12.82411,1.296122E+008,7.6,4.7,11.4,7.66566,287.4067,11.15666
"2016-05-10 23:10:00",52337,12.81739,1.296174E+008,10.2,5,15,9.374332,291.1878,11.77206
"2016-05-10 23:20:00",52338,12.81739,1.296228E+008,7,7,14.3,10.40316,291.6694,10.26319
"2016-05-10 23:30:00",52339,12.81152,1.296278E+008,9.6,5.6,13.2,9.114504,293.7789,11.82297
"2016-05-10 23:40:00",52340,12.80984,1.296326E+008,6.2,5.2,11.5,8.505502,299.3958,9.985609
"2016-05-10 23:50:00",52341,12.80564,1.296377E+008,11.6,5.3,15.3,9.121836,296.0698,9.359562
"2016-05-11 00:00:00",52342,12.79641,1.296433E+008,11.9,6.1,15,10.5115,290.6173,11.34453
"2016-05-11 00:10:00",52343,12.80144,1.296488E+008,11.9,6.6,16.3,10.28533,295.3127,10.25057
"2016-05-11 00:20:00",52344,12.79305,1.296542E+008,10.3,5.4,15.6,10.26584,284.6832,12.1278
"2016-05-11 00:30:00",52345,12.79892,1.296591E+008,9.3,5.8,12.5,9.293171,287.3458,10.75005
"2016-05-11 00:40:00",52346,12.79137,1.296639E+008,7.4,4.4,11.2,7.8385,291.6878,9.354618
"2016-05-11 00:50:00",52347,12.78969,1.296687E+008,4.7,3.8,8.7,6.278667,290.6198,9.490971
"2016-05-11 01:00:00",52348,12.78717,1.296735E+008,9.1,4.7,12.1,7.741336,294.4429,9.358902
"2016-05-11 01:10:00",52349,12.78885,1.296783E+008,11.4,6.2,12.5,9.521668,296.0929,9.529549
"2016-05-11 01:20:00",52350,12.78298,1.296841E+008,11.3,6.7,16.5,10.73,300.9946,10.94555
"2016-05-11 01:30:00",52351,12.77962,1.296896E+008,8.8,6.6,14.8,10.373,303.5369,11.68096
"2016-05-11 01:40:00",52352,12.7771,1.296947E+008,10.7,7.2,13.8,10.26433,298.2858,8.391303
"2016-05-11 01:50:00",52353,12.78214,1.296995E+008,10.5,5.1,12.2,7.779165,300.2318,9.931005
"2016-05-11 02:00:00",52354,12.7687,1.297046E+008,12.9,6.2,16.5,9.572338,295.7067,9.830198
"2016-05-11 02:10:00",52355,12.76451,1.2971E+008,11.3,6.6,15.6,10.2575,288.9107,12.76355
"2016-05-11 02:20:00",52356,12.76535,1.29715E+008,6.8,6.2,12.9,9.8355,288.6487,11.58948
"2016-05-11 02:30:00",52357,12.76451,1.297198E+008,10.8,5.5,13.4,8.932338,291.8646,10.7614
"2016-05-11 02:40:00",52358,12.76367,1.297246E+008,9,4.8,11.9,8.631332,287.0423,11.17189
"2016-05-11 02:50:00",52359,12.76451,1.297294E+008,8.1,4.5,11.9,7.928334,281.7373,11.74963
"2016-05-11 03:00:00",52360,12.77038,1.297349E+008,10.6,5.5,15,9.827671,287.4614,10.71891
"2016-05-11 03:10:00",52361,12.75863,1.297398E+008,8.5,5.5,13.3,9.477835,294.8872,11.36502
"2016-05-11 03:20:00",52362,12.75611,1.297447E+008,10,4.2,12.5,8.741331,288.8027,9.811188
"2016-05-11 03:30:00",52363,12.7452,1.297503E+008,9.3,6.1,15.4,10.2825,286.3639,11.19144
"2016-05-11 03:40:00",52364,12.74772,1.297557E+008,9.3,6.3,14.4,10.45901,291.813,10.40514
"2016-05-11 03:50:00",52365,12.75359,1.297607E+008,8.400001,5.3,13.6,9.48833,286.4745,11.21896
"2016-05-11 04:00:00",52366,12.75275,1.297666E+008,13.8,5.6,15.6,10.6455,286.2665,11.36374
"2016-05-11 04:10:00",52367,12.7452,1.297733E+008,10,7,15.9,11.48916,286.3899,11.01718
"2016-05-11 04:20:00",52368,12.74352,1.297798E+008,9.3,7.2,15.9,11.38883,289.166,11.446
"2016-05-11 04:30:00",52369,12.73597,1.297856E+008,11.2,6.4,15.2,10.74534,286.489,9.791028
"2016-05-11 04:40:00",52370,12.7452,1.297907E+008,10.8,6.2,13.4,9.952166,290.6923,8.538654
"2016-05-11 04:50:00",52371,12.73345,1.297957E+008,10.2,6,13.2,9.677501,291.1235,9.281863
"2016-05-11 05:00:00",52372,12.7368,1.298008E+008,11.5,6.2,13.5,9.975666,289.5697,10.20214
"2016-05-11 05:10:00",52373,12.73849,1.298066E+008,6.6,5.6,15.2,10.59734,289.1237,9.426232
"2016-05-11 05:20:00",52374,12.7368,1.298123E+008,12.9,5.9,15,10.26967,284.3803,11.06334
"2016-05-11 05:30:00",52375,12.73177,1.298174E+008,7.6,5.5,13.4,9.553326,282.8711,13.58111
"2016-05-11 05:40:00",52376,12.7175,1.298223E+008,9.1,5.1,12.1,8.680001,288.1844,10.50289
"2016-05-11 05:50:00",52377,12.72169,1.298271E+008,10.7,5.3,11.8,8.356334,290.2799,10.02135
"2016-05-11 06:00:00",52378,12.72169,1.298322E+008,8.3,5.6,14,9.705503,288.1894,9.950302
"2016-05-11 06:10:00",52379,12.72841,1.298379E+008,11.1,6.3,16.8,10.45383,285.7453,11.75861
"2016-05-11 06:20:00",52380,12.72841,1.298432E+008,10.9,4.9,13.9,10.04599,282.8246,11.86878
"2016-05-11 06:30:00",52381,12.72841,1.298481E+008,9.5,4.6,13.7,8.334664,272.5463,13.35219
"2016-05-11 06:40:00",52382,12.73009,1.298529E+008,9.7,3.5,13.7,8.54267,269.37,15.01946
"2016-05-11 06:50:00",52383,12.72673,1.298582E+008,12.7,5.2,14.5,9.667001,275.5779,12.7012
"2016-05-11 07:00:00",52384,12.7133,1.298633E+008,7.3,4.3,14.3,8.705997,268.4536,15.19891
"2016-05-11 07:10:00",52385,12.71498,1.298682E+008,12.2,4.5,13.2,8.354997,264.1692,15.1707
"2016-05-11 07:20:00",52386,12.72254,1.298732E+008,8.400001,4.3,14.6,8.943502,259.7355,15.12158
"2016-05-11 07:30:00",52387,12.73261,1.298781E+008,10,5.3,13.1,9.088171,248.4539,15.29533
"2016-05-11 07:40:00",52388,12.72673,1.298835E+008,9.8,5.1,13.9,10.33617,239.8512,13.03356
"2016-05-11 07:50:00",52389,12.74856,1.298896E+008,10.7,5.7,16.3,11.12933,234.6056,10.68461
"2016-05-11 08:00:00",52390,12.75108,1.298949E+008,11.8,7.4,14.8,10.376,230.7145,9.808686
"2016-05-11 08:10:00",52391,12.78465,1.299013E+008,12.5,7.2,15.7,11.3775,230.6961,10.55517
"2016-05-11 08:20:00",52392,13.44445,1.299071E+008,9.900001,6.4,15.4,10.7995,231.0121,11.01279
"2016-05-11 08:30:00",52393,13.6946,1.299133E+008,9.400001,7.4,14.7,11.33817,233.1044,9.525949
"2016-05-11 08:40:00",52394,14.17392,1.299187E+008,10.1,6.1,15.3,10.22067,238.827,10.54303
"2016-05-11 08:50:00",52395,13.41088,1.299236E+008,11.7,6.4,13,9.8075,234.5165,9.111344
"2016-05-11 09:00:00",52396,13.68285,1.299284E+008,6.6,4,13.1,8.205167,247.3034,14.39917
"2016-05-11 09:10:00",52397,13.32105,1.299331E+008,4.6,3,12.3,7.219832,242.957,13.78261
"2016-05-11 09:20:00",52398,13.12631,1.299375E+008,5.1,2.6,8.900001,5.444666,265.7285,18.43711
"2016-05-11 09:30:00",52399,13.02306,1.29942E+008,4.4,2.7,9.7,5.632832,301.583,14.31307
"2016-05-11 09:40:00",52400,12.96346,1.299466E+008,5.3,3.5,9.1,5.567833,308.0283,14.13815
"2016-05-11 09:50:00",52401,12.96094,1.299508E+008,7.1,2.6,8.400001,5.035335,300.2398,13.23704
"2016-05-11 10:00:00",52402,13.54602,1.299555E+008,4.7,3.5,10.1,5.916501,0,0
"2016-05-11 10:10:00",52403,14.75062,1.299578E+008,3.3,2,8.3,4.174832,0,0
"2016-05-11 10:20:00",52404,14.70445,1.299612E+008,6.5,1,8,4.9235,0,0
"2016-05-11 10:30:00",52405,13.88852,1.29966E+008,5.9,4.3,10.3,6.241664,0,0
"2016-05-11 10:40:00",52406,14.45346,1.299708E+008,8.2,5.1,12.1,8.318669,0,0
"2016-05-11 10:50:00",52407,13.84319,1.299756E+008,10.6,5.8,12.8,8.595505,325.4615,12.52343
"2016-05-11 11:00:00",52408,14.64317,1.299805E+008,6.3,6.3,12.5,9.569338,0,0
"2016-05-11 11:10:00",52409,14.51222,1.299867E+008,9.900001,6.4,17.2,10.95967,318.0898,11.5635
"2016-05-11 11:20:00",52410,14.63813,1.299919E+008,14.1,7,14.7,10.22366,319.5836,11.66485
"2016-05-11 11:30:00",52411,14.11349,1.299997E+008,15.5,8,18.7,12.68716,321.8976,11.23974
"2016-05-11 11:40:00",52412,14.63897,1.300076E+008,10.6,8.1,18,12.61116,0,0
"2016-05-11 11:50:00",52413,13.7861,1.300145E+008,14.9,8.3,19.4,11.83717,0,0
"2016-05-11 12:00:00",52414,13.55946,1.300212E+008,8.2,6.1,18.1,11.50083,319.4467,10.82351
"2016-05-11 12:10:00",52415,13.54854,1.300269E+008,10.9,6.3,15.7,10.47817,0,0
"2016-05-11 12:20:00",52416,13.42599,1.30032E+008,11.2,5.6,14.7,9.347835,0,0
"2016-05-11 12:30:00",52417,13.38569,1.300368E+008,7.1,5,10.9,7.778,0,0
"2016-05-11 12:40:00",52418,13.26313,1.300416E+008,10.3,5.4,11.9,8.384832,0,0
