"TOA5","Wind","CR200X","No_SN","CR200X.Std.01","Wind Monitoring2.CR2","57348","WindData"
"TIMESTAMP","RECORD","battVolt","windRun","windSpeed","windSpeed_Min","windSpeed_Max","windSpeed_Avg","windDir_Avg","windDir_stdDev"
"TS","RN","","","","","","","",""
"","","Smp","Smp","Smp","Min","Max","WVc","WVc","WVc"
"2016-07-31 12:30:00",64081,14.67423,1.543536E+008,5.6,3,8,5.335166,266.3825,14.50524
"2016-07-31 12:40:00",64082,14.66332,1.543536E+008,5.4,2.3,7.2,4.813835,269.5609,13.1374
"2016-07-31 12:50:00",64083,14.66164,1.543538E+008,7.1,2.2,9.1,5.350005,270.484,15.01968
"2016-07-31 13:00:00",64084,14.6566,1.543551E+008,5.5,2.7,10.3,6.527168,272.5696,12.54423
"2016-07-31 13:10:00",64085,14.65492,1.543551E+008,5.4,3.3,8.1,5.665664,264.843,14.78585
"2016-07-31 13:20:00",64086,14.6843,1.543551E+008,6,2.5,7.8,5.151333,270.392,14.82311
"2016-07-31 13:30:00",64087,14.64401,1.543551E+008,4.1,2.6,7.3,4.630667,265.6323,16.05635
"2016-07-31 13:40:00",64088,14.64065,1.543555E+008,6.1,2.6,8.8,5.901497,270.1481,12.39053
"2016-07-31 13:50:00",64089,14.62554,1.543558E+008,3.8,3.3,9.2,5.806003,267.2397,14.18648
"2016-07-31 14:00:00",64090,14.63226,1.543558E+008,4.6,2.9,7.6,5.048166,267.629,13.3595
"2016-07-31 14:10:00",64091,14.62302,1.543558E+008,3.7,2.6,6.3,4.464166,279.2112,11.10165
"2016-07-31 14:20:00",64092,14.62974,1.543558E+008,5.6,2.7,7.3,4.533665,287.9637,9.288608
"2016-07-31 14:30:00",64093,14.62974,1.543558E+008,5.7,3,6.9,4.846334,284.2598,9.805306
"2016-07-31 14:40:00",64094,14.65073,1.543558E+008,6,2.9,8.2,5.811164,282.1285,12.37047
"2016-07-31 14:50:00",64095,14.60959,1.543558E+008,5.7,2.6,6.9,5.04667,279.9715,11.81245
"2016-07-31 15:00:00",64096,14.61379,1.543558E+008,2.5,1.7,7.2,4.049332,263.4146,17.00141
"2016-07-31 15:10:00",64097,14.60456,1.543558E+008,1.8,1.6,4.5,2.902334,259.7503,15.32706
"2016-07-31 15:20:00",64098,14.61211,1.543558E+008,1.7,1.1,4.2,2.339332,271.6942,18.7233
"2016-07-31 15:30:00",64099,14.60288,1.543558E+008,0.6,0,2.8,1.321499,0,0
"2016-07-31 15:40:00",64100,14.59952,1.543558E+008,2.4,0.6,4.4,2.0765,266.0616,19.32198
"2016-07-31 15:50:00",64101,14.60204,1.543558E+008,3.1,1.4,4.1,2.468999,267.312,16.55749
"2016-07-31 16:00:00",64102,14.58861,1.543558E+008,3.5,1.8,4.8,2.8715,280.7191,11.39599
"2016-07-31 16:10:00",64103,14.57853,1.543558E+008,2.9,1,4.5,2.400167,279.9119,13.79593
"2016-07-31 16:20:00",64104,14.58861,1.543558E+008,2.9,2.1,3.6,2.745499,294.2955,7.556055
"2016-07-31 16:30:00",64105,14.59868,1.543558E+008,3.5,1.9,4.2,2.845666,283.3286,10.3039
"2016-07-31 16:40:00",64106,14.59113,1.543558E+008,2.6,2,4.3,3.229666,283.9573,9.836616
"2016-07-31 16:50:00",64107,14.59952,1.543558E+008,0.9,0.8,3.2,1.5315,218.6059,36.99876
"2016-07-31 17:00:00",64108,14.61043,1.543558E+008,1.2,0,1.3,0.6745,118.851,22.47887
"2016-07-31 17:10:00",64109,13.34876,1.543558E+008,1.6,0,2.1,1.317166,160.2629,15.12953
"2016-07-31 17:20:00",64110,13.11791,1.543558E+008,1.7,0.3,2.4,0.9876659,0,0
"2016-07-31 17:30:00",64111,13.04908,1.543558E+008,1.3,0.8,2.5,1.649999,298.392,42.94277
"2016-07-31 17:40:00",64112,13.03565,1.543558E+008,2.3,0,2.4,1.0945,0,0
"2016-07-31 17:50:00",64113,13.01634,1.543558E+008,1.4,1.1,2.5,1.799502,83.00636,7.581312
"2016-07-31 18:00:00",64114,12.99871,1.543558E+008,1.9,0.9,2.1,1.431667,90.60813,8.920617
"2016-07-31 18:10:00",64115,12.9878,1.543558E+008,1.7,0.5,2.1,1.448166,85.99286,16.12636
"2016-07-31 18:20:00",64116,12.97605,1.543558E+008,1.4,0.7,2.6,1.548668,0,0
"2016-07-31 18:30:00",64117,12.96346,1.543558E+008,2.2,0.2,3,1.725833,92.87068,20.17501
"2016-07-31 18:40:00",64118,12.96177,1.543558E+008,2.1,1.2,2.7,1.974001,81.14836,9.183401
"2016-07-31 18:50:00",64119,12.94666,1.543558E+008,2.3,1.7,2.8,2.339837,82.65263,6.002814
"2016-07-31 19:00:00",64120,12.94415,1.543558E+008,2.3,2,2.7,2.30817,85.31821,5.382718
"2016-07-31 19:10:00",64121,12.94331,1.543558E+008,1.8,1.6,2.6,2.224661,88.84572,4.231167
"2016-07-31 19:20:00",64122,12.92904,1.543558E+008,1.1,0.5,2.3,1.838168,94.08584,10.47659
"2016-07-31 19:30:00",64123,12.9282,1.543558E+008,1.3,0.5,2.4,1.426166,0,0
"2016-07-31 19:40:00",64124,12.91057,1.543558E+008,0.8,0.4,1.9,1.3305,116.1832,26.76555
"2016-07-31 19:50:00",64125,12.91141,1.543558E+008,1.2,0,2.6,1.103667,0,0
"2016-07-31 20:00:00",64126,12.90301,1.543558E+008,2,0.7,2.4,1.422165,0,0
"2016-07-31 20:10:00",64127,12.89378,1.543558E+008,0,0,2.6,1.3005,0,0
"2016-07-31 20:20:00",64128,12.90805,1.543558E+008,1.5,0,1.9,0.8945007,0,0
"2016-07-31 20:30:00",64129,12.89882,1.543558E+008,1.4,1.3,2.2,1.714998,90.59444,8.278861
"2016-07-31 20:40:00",64130,12.88706,1.543558E+008,1.6,0.4,2,1.221333,113.6588,12.39632
"2016-07-31 20:50:00",64131,12.88539,1.543558E+008,2.4,0.9,2.6,1.694001,0,0
"2016-07-31 21:00:00",64132,12.88035,1.543558E+008,1.1,0.3,2.9,1.6105,0,0
"2016-07-31 21:10:00",64133,12.88455,1.543558E+008,0.9,0,1.7,0.6929996,0,0
"2016-07-31 21:20:00",64134,12.87112,1.543558E+008,1.2,0,1.5,0.6774999,0,0
"2016-07-31 21:30:00",64135,12.87028,1.543558E+008,1.6,0.8,1.9,1.409333,88.73656,8.599836
"2016-07-31 21:40:00",64136,12.86356,1.543558E+008,1,0.6,2,1.402834,0,0
"2016-07-31 21:50:00",64137,12.85852,1.543558E+008,0,0,2.1,1.331835,79.94486,14.10508
"2016-07-31 22:00:00",64138,12.85852,1.543558E+008,0.8,0,1.9,0.9935003,0,0
"2016-07-31 22:10:00",64139,12.84845,1.543558E+008,0,0,1.9,1.021499,0,0
"2016-07-31 22:20:00",64140,12.85936,1.543558E+008,1.5,0,1.7,0.4886665,0,0
"2016-07-31 22:30:00",64141,12.85601,1.543558E+008,1.8,1,2.1,1.634,79.58072,16.85448
"2016-07-31 22:40:00",64142,12.84845,1.543558E+008,1.5,0.6,2.1,1.301335,109.7312,12.38356
"2016-07-31 22:50:00",64143,12.85349,1.543558E+008,1.7,0.8,1.9,1.4705,90.95151,14.48363
"2016-07-31 23:00:00",64144,12.84258,1.543558E+008,0.9,0,1.9,1.044168,0,0
"2016-07-31 23:10:00",64145,12.83754,1.543558E+008,1,0.3,1.8,1.103667,0,0
"2016-07-31 23:20:00",64146,12.83502,1.543558E+008,0.8,0.4,2.3,1.312166,0,0
"2016-07-31 23:30:00",64147,12.83922,1.543558E+008,1.3,0.6,2.1,1.3185,93.13747,13.03188
"2016-07-31 23:40:00",64148,12.83166,1.543558E+008,0.9,0.7,1.9,1.410335,93.24522,11.47912
"2016-07-31 23:50:00",64149,12.82495,1.543558E+008,1.6,0.1,2.1,1.120999,109.0583,9.294222
"2016-08-01 00:00:00",64150,12.8132,1.543558E+008,0.4,0,2,0.8513332,0,0
"2016-08-01 00:10:00",64151,12.82075,1.543558E+008,0.7,0,1.4,0.7193331,0,0
"2016-08-01 00:20:00",64152,12.81655,1.543558E+008,2.2,0,2.3,0.5136669,0,0
"2016-08-01 00:30:00",64153,12.81068,1.543558E+008,1.9,1.4,2.4,1.968667,89.34935,11.00548
"2016-08-01 00:40:00",64154,12.809,1.543558E+008,1.5,0.4,2,1.325499,107.9948,11.03924
"2016-08-01 00:50:00",64155,12.80144,1.543558E+008,2.1,0,2.4,1.098,0,0
"2016-08-01 01:00:00",64156,12.81152,1.543558E+008,2.1,1.4,3.9,2.544,94.20012,10.98188
"2016-08-01 01:10:00",64157,12.809,1.543558E+008,1.1,0.9,2.6,1.550498,109.2863,20.65187
"2016-08-01 01:20:00",64158,12.79389,1.543558E+008,1.6,0,2.6,1.363332,0,0
"2016-08-01 01:30:00",64159,12.78298,1.543558E+008,1.4,1,2.6,1.831501,0,0
"2016-08-01 01:40:00",64160,12.78381,1.543558E+008,1.7,0,1.9,1.268999,0,0
"2016-08-01 01:50:00",64161,12.7813,1.543558E+008,3.4,0.7,3.4,1.7675,0,0
"2016-08-01 02:00:00",64162,12.78633,1.543558E+008,2.2,0,4.6,1.497668,0,0
"2016-08-01 02:10:00",64163,12.77542,1.543558E+008,2.4,1.3,3,1.932165,86.93781,20.42385
"2016-08-01 02:20:00",64164,12.77878,1.543558E+008,2.4,0.8,3.4,2.354667,0,0
"2016-08-01 02:30:00",64165,12.77206,1.543558E+008,1.6,0.6,3.9,1.7405,0,0
"2016-08-01 02:40:00",64166,12.76703,1.543558E+008,2.5,0.4,3.4,2.225502,0,0
"2016-08-01 02:50:00",64167,12.77374,1.543558E+008,1.6,0.6,2.6,1.501332,119.491,27.52425
"2016-08-01 03:00:00",64168,12.75947,1.543558E+008,0.9,0.1,2.8,1.609168,0,0
"2016-08-01 03:10:00",64169,12.76367,1.543558E+008,1.4,0.1,2.8,1.283167,0,0
"2016-08-01 03:20:00",64170,12.76703,1.543558E+008,2.2,0,2.9,1.489167,0,0
"2016-08-01 03:30:00",64171,12.76115,1.543558E+008,1,0,3.1,1.627332,0,0
"2016-08-01 03:40:00",64172,12.75863,1.543558E+008,3,0.2,3.7,1.949165,0,0
"2016-08-01 03:50:00",64173,12.75359,1.543558E+008,1,0,4.6,1.333833,0,0
"2016-08-01 04:00:00",64174,12.75275,1.543558E+008,1,0,2.5,1.07,0,0
"2016-08-01 04:10:00",64175,12.73513,1.543558E+008,4.4,0.1,6.5,2.295834,0,0
"2016-08-01 04:20:00",64176,12.7368,1.543559E+008,4.9,2,8.7,4.659001,0,0
"2016-08-01 04:30:00",64177,12.73345,1.543565E+008,4.5,3.6,9.400001,6.154165,0,0
"2016-08-01 04:40:00",64178,12.73849,1.543572E+008,5.8,4.4,9.6,6.385497,0,0
"2016-08-01 04:50:00",64179,12.72841,1.543572E+008,4.3,2.7,7.6,4.957166,0,0
"2016-08-01 05:00:00",64180,12.72589,1.543572E+008,3.8,2.1,6.7,4.2075,0,0
"2016-08-01 05:10:00",64181,12.73009,1.543572E+008,3.3,1.9,8.2,4.731169,0,0
"2016-08-01 05:20:00",64182,12.73009,1.543572E+008,1.6,0.4,7,2.829501,0,0
"2016-08-01 05:30:00",64183,12.72589,1.543572E+008,3.1,0,6.9,2.519834,0,0
"2016-08-01 05:40:00",64184,12.72757,1.543572E+008,0.5,0,7.3,2.288002,0,0
"2016-08-01 05:50:00",64185,12.7175,1.543572E+008,0.6,0,4,1.404833,0,0
"2016-08-01 06:00:00",64186,12.72254,1.543572E+008,2.1,0,4,1.799999,0,0
"2016-08-01 06:10:00",64187,12.7133,1.543572E+008,0.9,0,4.7,1.6585,0,0
"2016-08-01 06:20:00",64188,12.71246,1.543572E+008,0,0,5.9,1.636499,0,0
"2016-08-01 06:30:00",64189,12.69903,1.543572E+008,1.8,0,3.5,0.7188333,0,0
"2016-08-01 06:40:00",64190,12.69903,1.543572E+008,1.6,0,2.7,0.9338332,0,0
"2016-08-01 06:50:00",64191,12.69315,1.543572E+008,1.5,0,3.4,1.301833,130.3907,25.63227
"2016-08-01 07:00:00",64192,12.70323,1.543572E+008,1.7,0,6.3,1.865167,0,0
"2016-08-01 07:10:00",64193,12.6856,1.543572E+008,1.8,0.2,4.6,1.671334,0,0
"2016-08-01 07:20:00",64194,12.66965,1.543572E+008,3.9,0.2,6.4,2.231166,0,0
"2016-08-01 07:30:00",64195,12.67553,1.543572E+008,1.7,1.3,7.2,3.7455,0,0
"2016-08-01 07:40:00",64196,12.6814,1.543572E+008,3.4,1.7,7.2,3.862666,0,0
"2016-08-01 07:50:00",64197,12.68812,1.543572E+008,4.4,2.6,7.2,4.707499,0,0
"2016-08-01 08:00:00",64198,12.67804,1.543572E+008,4.1,2.6,8.1,4.877332,0,0
"2016-08-01 08:10:00",64199,12.67721,1.543572E+008,6.4,2.6,7.5,5.016165,0,0
"2016-08-01 08:20:00",64200,12.69315,1.543572E+008,3.9,2.3,7.5,5.014,0,0
"2016-08-01 08:30:00",64201,12.68476,1.543572E+008,3.9,1.2,5.4,3.516833,0,0
"2016-08-01 08:40:00",64202,12.74856,1.543572E+008,2.5,1,4.8,2.797166,0,0
"2016-08-01 08:50:00",64203,12.92736,1.543572E+008,1.8,0.1,4.6,2.287999,0,0
"2016-08-01 09:00:00",64204,13.13386,1.543572E+008,2.6,0.5,4.7,2.329833,0,0
"2016-08-01 09:10:00",64205,13.25054,1.543572E+008,3.9,0.8,6,3.416334,0,0
"2016-08-01 09:20:00",64206,13.52252,1.543572E+008,5,3.2,7,4.697169,0,0
"2016-08-01 09:30:00",64207,13.39493,1.543572E+008,4.8,3.6,7.6,5.145166,0,0
"2016-08-01 09:40:00",64208,13.27153,1.543572E+008,4.5,3.8,7.7,5.333332,0,0
"2016-08-01 09:50:00",64209,13.11203,1.543572E+008,7.2,3.5,8,5.841834,0,0
"2016-08-01 10:00:00",64210,13.05663,1.543577E+008,5.2,3.5,9.900001,5.824165,0,0
"2016-08-01 10:10:00",64211,13.03481,1.543577E+008,3.7,3.4,8.5,5.440502,0,0
"2016-08-01 10:20:00",64212,12.98528,1.543577E+008,4.2,1.6,7.9,5.016333,0,0
"2016-08-01 10:30:00",64213,12.94499,1.543577E+008,5.4,3,6.9,4.743165,0,0
"2016-08-01 10:40:00",64214,12.91225,1.543582E+008,8.900001,2.6,9.5,5.703995,0,0
"2016-08-01 10:50:00",64215,12.94163,1.543585E+008,4.5,1.9,9.8,5.408167,0,0
"2016-08-01 11:00:00",64216,12.90553,1.543585E+008,7.4,2.7,8.1,4.868333,0,0
"2016-08-01 11:10:00",64217,12.85601,1.543585E+008,4.6,2.4,7.5,4.585333,0,0
"2016-08-01 11:20:00",64218,12.86272,1.543585E+008,3.3,1.7,7,3.970502,0,0
"2016-08-01 11:30:00",64219,12.97101,1.543585E+008,4.5,1.2,6.7,3.472834,0,0
"2016-08-01 11:40:00",64220,12.90301,1.543585E+008,5.1,1.3,6.5,3.422833,0,0
"2016-08-01 11:50:00",64221,12.93827,1.543585E+008,1.7,1,5.8,2.746,0,0
"2016-08-01 12:00:00",64222,12.89546,1.543585E+008,4.1,0.9,5.8,2.939333,0,0
"2016-08-01 12:10:00",64223,12.93575,1.543585E+008,4.5,3.1,7.3,4.992666,0,0
"2016-08-01 12:20:00",64224,13.039,1.543586E+008,6.1,2.3,8.2,5.298497,0,0
"2016-08-01 12:30:00",64225,13.14981,1.543586E+008,5.5,2.8,7.9,5.189663,0,0
"2016-08-01 12:40:00",64226,13.11036,1.543587E+008,4.7,2.6,8.900001,4.578167,0,0
"2016-08-01 12:50:00",64227,13.18171,1.543592E+008,5.2,3.5,10.4,6.090166,0,0
"2016-08-01 13:00:00",64228,13.38065,1.543614E+008,9.1,4.2,10.9,7.098498,0,0
"2016-08-01 13:10:00",64229,13.28496,1.543628E+008,6.9,2.8,10.9,6.564169,0,0
"2016-08-01 13:20:00",64230,13.18591,1.543638E+008,6.6,3.9,10.1,6.372333,0,0
"2016-08-01 13:30:00",64231,13.17415,1.543656E+008,7.2,3.2,11.2,6.261168,0,0
"2016-08-01 13:40:00",64232,13.12211,1.543686E+008,7.6,4.8,12.9,7.562169,0,0
"2016-08-01 13:50:00",64233,13.10364,1.543716E+008,6.4,4.4,11.1,7.359831,0,0
"2016-08-01 14:00:00",64234,13.07594,1.543727E+008,3.9,3.9,10.9,6.427497,0,0
"2016-08-01 14:10:00",64235,13.04572,1.543731E+008,4.9,1.8,9.7,4.994667,0,0
"2016-08-01 14:20:00",64236,13.13554,1.543734E+008,5.4,2.4,9.6,5.1345,0,0
"2016-08-01 14:30:00",64237,13.19262,1.543738E+008,5.9,2.5,11.4,5.197166,0,0
"2016-08-01 14:40:00",64238,13.18758,1.54375E+008,7.8,3.2,9.900001,6.128834,0,0
"2016-08-01 14:50:00",64239,13.17415,1.54375E+008,5.3,2.2,8.2,5.104665,0,0
"2016-08-01 15:00:00",64240,13.16156,1.54375E+008,6.5,2.4,7.1,4.426999,0,0
"2016-08-01 15:10:00",64241,13.20689,1.54375E+008,5.2,2,8.1,4.024334,0,0
"2016-08-01 15:20:00",64242,13.11791,1.543751E+008,1.9,0.9,8.7,2.594001,0,0
"2016-08-01 15:30:00",64243,12.99619,1.543751E+008,5.4,0,5.4,2.0755,306.2219,33.93153
"2016-08-01 15:40:00",64244,12.95002,1.543751E+008,3.9,2.4,6.1,3.709999,0,0
"2016-08-01 15:50:00",64245,12.90385,1.543751E+008,2.3,0.7,7,3.735001,0,0
"2016-08-01 16:00:00",64246,12.87195,1.543751E+008,2.7,1.3,6.3,3.189666,0,0
"2016-08-01 16:10:00",64247,12.85685,1.543751E+008,4.9,1.6,5.8,3.211335,0,0
"2016-08-01 16:20:00",64248,12.82495,1.543751E+008,3.5,2.6,6.1,4.015668,328.6758,11.75242
"2016-08-01 16:30:00",64249,12.809,1.543751E+008,4.7,2.7,7.3,4.949666,322.2359,13.70296
"2016-08-01 16:40:00",64250,12.81907,1.543751E+008,2,1.8,5.2,3.314833,311.692,12.26754
"2016-08-01 16:50:00",64251,12.82075,1.543751E+008,3,1.4,4.5,2.705168,292.9885,12.25174
"2016-08-01 17:00:00",64252,13.01466,1.543751E+008,4.3,1.7,4.8,3.089667,260.873,34.95308
"2016-08-01 17:10:00",64253,12.88035,1.543751E+008,1.8,1.3,5.2,3.109502,221.7696,12.958
"2016-08-01 17:20:00",64254,12.79221,1.543751E+008,4.8,1,6,3.957835,287.2215,15.87758
"2016-08-01 17:30:00",64255,12.75275,1.543755E+008,6.6,3.6,10.2,6.246835,287.6743,8.982207
"2016-08-01 17:40:00",64256,12.741,1.543755E+008,4.5,2.3,8.5,5.410335,277.6178,14.23656
"2016-08-01 17:50:00",64257,12.73009,1.543755E+008,4.1,3,7,4.915834,279.2517,10.13519
"2016-08-01 18:00:00",64258,12.71666,1.543758E+008,7,2.6,9.3,5.242002,264.0765,13.59248
"2016-08-01 18:10:00",64259,12.70407,1.543769E+008,5.8,3.3,9.7,6.467334,257.6627,13.1512
"2016-08-01 18:20:00",64260,12.70155,1.543788E+008,8,3.6,10.4,6.931835,254.939,13.01839
"2016-08-01 18:30:00",64261,12.70071,1.543804E+008,7.8,3.7,9.7,6.772831,252.0354,12.06032
"2016-08-01 18:40:00",64262,12.69064,1.543827E+008,6.8,3.1,10.5,6.992836,249.7667,11.51888
"2016-08-01 18:50:00",64263,12.67385,1.543847E+008,8.2,4,10.5,7.202336,232.072,15.85782
"2016-08-01 19:00:00",64264,12.67553,1.543872E+008,6,5.3,9.6,7.37683,222.0188,9.885995
"2016-08-01 19:10:00",64265,12.67553,1.54388E+008,4.5,4.1,9.900001,6.578334,217.9744,11.40732
"2016-08-01 19:20:00",64266,12.67049,1.54388E+008,5.4,3,8.1,5.147833,212.0716,14.91054
"2016-08-01 19:30:00",64267,12.6621,1.543882E+008,7.9,2.3,9.1,5.526166,211.3332,13.21877
"2016-08-01 19:40:00",64268,12.66965,1.543886E+008,4.8,3.9,8.900001,6.256832,215.422,12.11926
"2016-08-01 19:50:00",64269,12.64866,1.543886E+008,5.2,3.4,8.400001,5.928499,229.1511,9.186185
"2016-08-01 20:00:00",64270,12.65286,1.543886E+008,6.8,3.4,7.5,5.535666,235.2958,9.911949
"2016-08-01 20:10:00",64271,12.64363,1.543886E+008,6,3.4,7.8,5.868838,242.8556,9.204774
"2016-08-01 20:20:00",64272,12.64279,1.543886E+008,6.2,3,7.5,5.295001,243.4269,11.25525
"2016-08-01 20:30:00",64273,12.63859,1.543886E+008,5.2,3,7.4,5.529001,246.6483,10.61613
"2016-08-01 20:40:00",64274,12.64615,1.54389E+008,8.400001,3.7,8.6,6.449666,245.1921,10.53122
"2016-08-01 20:50:00",64275,12.64866,1.543923E+008,10.2,4,11.5,7.504001,250.1977,11.69566
"2016-08-01 21:00:00",64276,12.63691,1.543984E+008,10.4,4.4,11.7,8.467498,243.7042,11.54037
"2016-08-01 21:10:00",64277,12.63607,1.544049E+008,7.8,4.6,11.3,8.447006,238.4211,10.1554
"2016-08-01 21:20:00",64278,12.63104,1.544078E+008,4.8,3.4,10.4,7.209665,245.892,12.00159
"2016-08-01 21:30:00",64279,12.63859,1.544078E+008,6.2,3.2,8.1,5.970667,243.7999,11.2746
"2016-08-01 21:40:00",64280,12.63272,1.544082E+008,5.2,2.7,8.8,6.074664,242.2225,11.46054
"2016-08-01 21:50:00",64281,12.62852,1.544098E+008,4.1,3.7,9.5,6.654337,248.148,12.67448
"2016-08-01 22:00:00",64282,12.62852,1.544108E+008,7.8,3.9,9.3,6.615502,252.0905,12.27485
"2016-08-01 22:10:00",64283,12.62096,1.544133E+008,10.1,4,10.7,7.105334,253.0574,12.93797
"2016-08-01 22:20:00",64284,12.63355,1.544184E+008,7.5,4.5,11.5,8.115834,245.8138,9.821177
"2016-08-01 22:30:00",64285,12.61761,1.544225E+008,8,4.9,10.3,7.672833,238.5023,10.33513
"2016-08-01 22:40:00",64286,12.63104,1.544297E+008,8.3,5.7,12.1,8.677827,237.391,11.0801
"2016-08-01 22:50:00",64287,12.62264,1.544326E+008,7.5,4.9,10.6,7.546499,237.0915,9.467652
"2016-08-01 23:00:00",64288,12.62264,1.544367E+008,6.5,5,13.1,7.792001,238.1014,11.5648
"2016-08-01 23:10:00",64289,12.6302,1.544428E+008,8.2,4.7,11.5,8.359002,236.7403,11.93967
"2016-08-01 23:20:00",64290,12.626,1.544494E+008,10,5.5,11.2,8.559501,237.292,10.47743
"2016-08-01 23:30:00",64291,12.61928,1.544544E+008,4.8,4.4,11,8.025003,240.1714,11.00883
"2016-08-01 23:40:00",64292,12.62516,1.544589E+008,5.3,3.9,11.1,7.830504,251.4845,12.67289
"2016-08-01 23:50:00",64293,12.62012,1.54463E+008,4.9,4.4,10.9,7.706833,252.0713,12.01685
"2016-08-02 00:00:00",64294,12.61341,1.544694E+008,8.3,4.4,11.5,8.434999,240.8238,10.13829
"2016-08-02 00:10:00",64295,12.61677,1.544769E+008,9,5.5,11.6,8.808504,235.4737,9.795897
"2016-08-02 00:20:00",64296,12.61341,1.544837E+008,7.9,5.5,11.9,8.619493,239.8293,10.44999
"2016-08-02 00:30:00",64297,12.61844,1.544882E+008,7.6,4.9,10.2,7.906999,244.1837,9.523734
"2016-08-02 00:40:00",64298,12.60585,1.544941E+008,9,5.1,11,8.31267,237.0225,9.600755
"2016-08-02 00:50:00",64299,12.61509,1.545025E+008,8.400001,4.6,13.9,9.423001,230.4687,12.08446
"2016-08-02 01:00:00",64300,12.61425,1.545105E+008,9.1,6,13.4,9.405997,230.3482,10.45934
"2016-08-02 01:10:00",64301,12.61425,1.545188E+008,9.6,5.8,14.4,9.572824,233.5962,10.50436
"2016-08-02 01:20:00",64302,12.60417,1.545276E+008,12.3,5.1,15.4,10.13166,231.4373,10.90575
"2016-08-02 01:30:00",64303,12.60921,1.54537E+008,14,7.1,15.1,10.897,233.2521,10.77646
"2016-08-02 01:40:00",64304,12.61425,1.545466E+008,9.3,7.6,15.1,11.51883,233.1183,8.776156
"2016-08-02 01:50:00",64305,12.60837,1.545555E+008,10.9,6.1,13.2,9.912498,231.7276,10.1397
"2016-08-02 02:00:00",64306,12.61257,1.545646E+008,10.1,6.4,13.3,10.06833,228.262,10.92572
"2016-08-02 02:10:00",64307,12.60753,1.545733E+008,7.3,6,12.4,9.565331,231.8698,10.16632
"2016-08-02 02:20:00",64308,12.5983,1.545817E+008,7.6,6.1,12.4,9.452996,234.6817,10.49477
"2016-08-02 02:30:00",64309,12.59998,1.545895E+008,9.2,5.8,11.7,9.121664,230.1913,9.922699
"2016-08-02 02:40:00",64310,12.6025,1.545945E+008,6.6,4.9,11.2,8.025829,243.4892,10.35848
"2016-08-02 02:50:00",64311,12.60585,1.545977E+008,7.7,4.9,10.5,7.632669,240.0125,9.479629
"2016-08-02 03:00:00",64312,12.60669,1.545994E+008,6.5,4,9.3,7.125999,240.9559,9.203026
"2016-08-02 03:10:00",64313,12.59494,1.54603E+008,8.2,5.6,10,7.722333,240.5793,8.585816
"2016-08-02 03:20:00",64314,12.60837,1.546075E+008,7.6,5.1,9.8,7.862336,235.364,9.798226
"2016-08-02 03:30:00",64315,12.6025,1.546118E+008,7.8,4.5,10,7.825667,233.2567,10.02934
"2016-08-02 03:40:00",64316,12.59914,1.546153E+008,6.7,5.2,9.6,7.689835,232.3352,9.41783
"2016-08-02 03:50:00",64317,12.5941,1.546174E+008,6.9,4.3,9.3,7.156,245.0588,10.20893
"2016-08-02 04:00:00",64318,12.59242,1.546174E+008,4.7,3.2,8,5.715499,249.0854,11.30218
"2016-08-02 04:10:00",64319,12.59326,1.546177E+008,6,2.2,9.3,5.136167,252.1907,14.17507
"2016-08-02 04:20:00",64320,12.58319,1.546178E+008,4.1,2.3,8.2,5.014502,249.0592,15.56351
"2016-08-02 04:30:00",64321,12.58823,1.54619E+008,8.5,3.2,9.400001,6.477167,253.3685,12.70564
"2016-08-02 04:40:00",64322,12.59662,1.546231E+008,6,4.3,11.1,7.683833,250.5761,11.4135
"2016-08-02 04:50:00",64323,12.58487,1.546285E+008,9.6,4.9,10.4,8.026832,245.0762,10.43815
"2016-08-02 05:00:00",64324,12.5941,1.546337E+008,5.9,5.1,10.6,8.072827,246.0498,9.969353
"2016-08-02 05:10:00",64325,12.58403,1.546356E+008,7.2,4.5,9.7,7.299997,243.4756,9.81121
"2016-08-02 05:20:00",64326,12.59326,1.546375E+008,7.5,4.8,9.8,7.270339,242.9924,9.994286
"2016-08-02 05:30:00",64327,12.59158,1.546384E+008,6.6,3.5,9.1,6.751334,248.0744,11.21081
"2016-08-02 05:40:00",64328,12.59242,1.546408E+008,6.1,4.4,10,7.291667,243.1061,11.26149
"2016-08-02 05:50:00",64329,12.58906,1.546409E+008,3.8,2.1,8.8,5.459166,243.1228,11.37971
"2016-08-02 06:00:00",64330,12.58151,1.546409E+008,6.1,2,7.9,4.476499,254.4438,13.75467
"2016-08-02 06:10:00",64331,12.5941,1.546418E+008,5.9,2.8,9.7,5.814834,259.1696,14.71021
"2016-08-02 06:20:00",64332,12.58319,1.546435E+008,6.7,3.3,10.8,6.618834,254.7552,13.68392
"2016-08-02 06:30:00",64333,12.58739,1.546493E+008,11,3.8,12.6,8.42283,249.9421,11.91481
"2016-08-02 06:40:00",64334,12.58235,1.546564E+008,10.8,5.3,12.4,8.874496,240.603,10.16885
"2016-08-02 06:50:00",64335,12.58235,1.546634E+008,9.2,6,11.9,8.850827,236.8232,10.57417
"2016-08-02 07:00:00",64336,12.57899,1.546719E+008,7.4,5,12.9,9.511171,236.546,9.71529
"2016-08-02 07:10:00",64337,12.57731,1.546776E+008,9,5.1,11.9,8.283664,234.8695,12.08684
"2016-08-02 07:20:00",64338,12.58571,1.546822E+008,9.1,4.7,12.4,8.075333,231.0552,10.884
"2016-08-02 07:30:00",64339,12.58319,1.546868E+008,7.3,5.2,10.9,7.971669,237.5944,10.23595
"2016-08-02 07:40:00",64340,12.58487,1.546921E+008,8,4.7,11,8.14,242.2493,9.229008
"2016-08-02 07:50:00",64341,12.5899,1.546967E+008,5.9,5.2,10.6,7.917167,233.5658,8.780289
"2016-08-02 08:00:00",64342,12.5983,1.547006E+008,8.5,4.2,10.6,7.685997,233.6993,10.295
"2016-08-02 08:10:00",64343,12.61844,1.547037E+008,7.9,5.6,10.2,7.708168,235.5977,9.391443
"2016-08-02 08:20:00",64344,12.64783,1.547068E+008,5.8,5,10.5,7.507336,224.9866,11.66679
"2016-08-02 08:30:00",64345,12.72421,1.547122E+008,9.3,4.3,11.3,8.127496,225.6859,10.6171
"2016-08-02 08:40:00",64346,12.71666,1.547144E+008,6.9,4.4,10.3,7.237168,218.5685,12.42808
"2016-08-02 08:50:00",64347,12.73261,1.547196E+008,8.2,4.8,12.9,8.218998,219.771,11.69193
"2016-08-02 09:00:00",64348,12.75527,1.547274E+008,8.400001,5,12.3,9.074998,223.873,10.21957
"2016-08-02 09:10:00",64349,13.00375,1.547354E+008,9,6,12.7,9.20533,225.6911,10.01246
"2016-08-02 09:20:00",64350,13.63836,1.547429E+008,10.3,5.6,11.9,8.857831,225.357,11.15129
"2016-08-02 09:30:00",64351,14.0052,1.547495E+008,8.5,5.9,11.5,8.541671,220.3659,10.74229
"2016-08-02 09:40:00",64352,13.89691,1.547538E+008,8,5.6,11.1,7.900166,216.4118,11.03993
"2016-08-02 09:50:00",64353,13.3966,1.547596E+008,8.6,5.4,10.7,8.238505,222.0568,11.22655
"2016-08-02 10:00:00",64354,13.38821,1.547631E+008,5.6,5.1,10.5,7.66317,226.3223,11.52569
"2016-08-02 10:10:00",64355,13.44781,1.547645E+008,7.8,4.1,9.6,6.997997,223.1688,10.81949
"2016-08-02 10:20:00",64356,13.61738,1.54765E+008,5.2,4.3,8.6,6.814667,217.6057,11.60079
"2016-08-02 10:30:00",64357,13.70468,1.54766E+008,8.2,4.3,9.3,6.7145,209.5994,12.42359
"2016-08-02 10:40:00",64358,14.55419,1.547676E+008,8,4.7,10,7.187995,225.6043,11.91789
"2016-08-02 10:50:00",64359,14.61715,1.547709E+008,7.5,5.4,10.2,7.707005,232.2623,9.943694
"2016-08-02 11:00:00",64360,14.16217,1.547714E+008,6.8,3.8,9.400001,6.346001,231.7506,11.09153
"2016-08-02 11:10:00",64361,13.7349,1.547714E+008,6,3.4,7.5,5.521165,237.955,9.951642
"2016-08-02 11:20:00",64362,13.69209,1.547714E+008,5.4,2.7,7.5,5.321002,246.7499,11.47651
"2016-08-02 11:30:00",64363,13.62913,1.547714E+008,3.6,2.5,7,4.819004,242.1639,9.907063
"2016-08-02 11:40:00",64364,13.88516,1.54772E+008,7,2.2,10.1,5.743501,255.1605,13.23169
"2016-08-02 11:50:00",64365,13.56701,1.547722E+008,4.3,3.1,8.6,5.9415,250.8218,14.51034
"2016-08-02 12:00:00",64366,13.4646,1.547722E+008,4.6,3.2,6.3,4.667995,229.0764,10.03092
"2016-08-02 12:10:00",64367,13.4604,1.547731E+008,5.3,3.5,9.7,5.994667,233.9801,10.23984
"2016-08-02 12:20:00",64368,13.81381,1.547751E+008,9.7,4.1,10.3,7.069166,235.7948,11.69173
"2016-08-02 12:30:00",64369,14.71452,1.547815E+008,7.6,5.2,11.7,8.441832,235.866,10.24935
"2016-08-02 12:40:00",64370,14.75482,1.547871E+008,9.2,4.7,11.4,8.242334,240.9913,10.76784
"2016-08-02 12:50:00",64371,13.94056,1.547921E+008,8.1,4.3,11.1,8.003164,242.5863,11.0245
"2016-08-02 13:00:00",64372,14.71452,1.547974E+008,7.4,4.7,10.6,8.044835,241.1192,10.43279
"2016-08-02 13:10:00",64373,13.92629,1.547998E+008,9.900001,3.3,10.6,7.089499,241.6061,13.81527
"2016-08-02 13:20:00",64374,14.71284,1.548016E+008,7.8,3.5,9.6,7.078501,245.0535,11.22595
"2016-08-02 13:30:00",64375,14.70445,1.548048E+008,9.1,4.4,10.7,7.468665,244.639,10.51461
"2016-08-02 13:40:00",64376,14.72376,1.548091E+008,7.6,4.3,10.8,7.795334,245.4234,10.34565
"2016-08-02 13:50:00",64377,14.70277,1.548123E+008,8.7,4.1,9.7,7.41817,244.9031,10.12024
"2016-08-02 14:00:00",64378,14.73047,1.548149E+008,8.400001,3.6,9.7,7.313664,246.2453,10.05869
"2016-08-02 14:10:00",64379,14.72628,1.548159E+008,7.3,3.9,9.2,6.778837,249.5047,10.89942
"2016-08-02 14:20:00",64380,14.68934,1.548178E+008,6.6,4.3,9.6,7.189165,245.9705,9.60117
"2016-08-02 14:30:00",64381,14.69606,1.548181E+008,6.7,3.4,8.8,6.243668,251.4901,12.26936
"2016-08-02 14:40:00",64382,14.70865,1.548184E+008,8,2.8,9.1,6.087007,254.2546,13.20983
"2016-08-02 14:50:00",64383,14.6969,1.548186E+008,6.9,3.7,8.400001,6.23333,247.9794,11.26795
"2016-08-02 15:00:00",64384,14.65324,1.548186E+008,5.7,3.2,7.9,5.837832,249.8623,10.85389
"2016-08-02 15:10:00",64385,14.71536,1.548186E+008,7,3.3,7.8,5.598998,246.3974,9.67302
"2016-08-02 15:20:00",64386,14.72628,1.548188E+008,7.1,2.7,8.8,5.500834,249.268,12.37094
"2016-08-02 15:30:00",64387,14.42408,1.548189E+008,7.4,3.7,9,6.281498,242.4587,9.855404
"2016-08-02 15:40:00",64388,13.58632,1.548193E+008,7.1,4.6,8.6,6.622169,246.4876,9.999682
"2016-08-02 15:50:00",64389,13.29923,1.548194E+008,6.1,4,8.8,6.458333,243.0094,9.362072
"2016-08-02 16:00:00",64390,13.25054,1.548194E+008,5.7,4.5,8,6.284164,235.906,9.131392
"2016-08-02 16:10:00",64391,13.21193,1.548194E+008,5,4,6.8,5.492833,230.8374,8.747519
"2016-08-02 16:20:00",64392,13.22956,1.548194E+008,4.6,3,7,5.037666,228.4022,9.892956
"2016-08-02 16:30:00",64393,13.16324,1.548194E+008,5.5,3.2,7.1,5.081332,233.7626,10.04648
"2016-08-02 16:40:00",64394,13.13638,1.548194E+008,5,3.1,6.6,4.927001,238.1438,9.099048
"2016-08-02 16:50:00",64395,13.17751,1.548194E+008,3,1.8,5.4,3.593,251.2536,12.49588
"2016-08-02 17:00:00",64396,13.12547,1.548194E+008,2.8,1.9,4.1,2.985167,247.6252,9.91785
"2016-08-02 17:10:00",64397,13.11875,1.548194E+008,4.3,2,5.4,3.3195,245.6181,13.77755
"2016-08-02 17:20:00",64398,13.08349,1.548194E+008,2.5,2.2,5.7,3.891666,248.9739,11.46825
"2016-08-02 17:30:00",64399,13.01802,1.548194E+008,3,1.6,3.9,2.752666,262.9038,15.52707
"2016-08-02 17:40:00",64400,13.00291,1.548194E+008,2,1.2,4.1,2.655668,273.9183,11.02727
"2016-08-02 17:50:00",64401,12.99451,1.548194E+008,2,1.2,3.3,2.154499,254.9893,14.78623
"2016-08-02 18:00:00",64402,12.96765,1.548194E+008,2.8,1.1,3.5,2.060668,259.6421,15.35008
"2016-08-02 18:10:00",64403,12.97017,1.548194E+008,1.3,0.8,2.7,1.392,288.2681,23.88754
"2016-08-02 18:20:00",64404,12.9601,1.548194E+008,3,1.2,3.5,2.499167,308.9465,10.24324
"2016-08-02 18:30:00",64405,12.96261,1.548194E+008,1.9,1.7,2.7,2.190999,305.0727,7.060826
"2016-08-02 18:40:00",64406,12.95674,1.548194E+008,1.7,1.1,2.9,2.009998,307.4954,9.285584
"2016-08-02 18:50:00",64407,12.95086,1.548194E+008,2.3,1.3,3.4,2.252998,282.2888,12.6837
"2016-08-02 19:00:00",64408,12.93407,1.548194E+008,1.6,1,2.7,1.7285,297.193,8.538118
"2016-08-02 19:10:00",64409,12.93827,1.548194E+008,1.3,0.4,2,1.235667,312.8698,14.84149
"2016-08-02 19:20:00",64410,12.9282,1.548194E+008,3.3,0.9,4,1.834001,0,0
"2016-08-02 19:30:00",64411,12.9282,1.548194E+008,2.9,2.6,4.3,3.435001,311.4335,8.807939
"2016-08-02 19:40:00",64412,12.92232,1.548194E+008,4,2.4,4.9,3.440501,303.4988,7.900881
"2016-08-02 19:50:00",64413,12.92316,1.548194E+008,3.2,3.1,5.1,3.959167,308.7555,9.694982
"2016-08-02 20:00:00",64414,12.91896,1.548194E+008,2.9,2.6,4.8,3.590002,310.6946,8.865254
"2016-08-02 20:10:00",64415,12.90301,1.548194E+008,2.7,2.4,4.4,3.458666,301.3558,7.98835
"2016-08-02 20:20:00",64416,12.91393,1.548194E+008,2.4,2,3.8,2.721999,303.4448,9.327878
"2016-08-02 20:30:00",64417,12.9005,1.548194E+008,6.1,2.1,7,4.176334,307.2035,9.300334
"2016-08-02 20:40:00",64418,12.89042,1.548194E+008,5.6,3.3,6.8,4.854499,308.7844,8.972241
"2016-08-02 20:50:00",64419,12.90469,1.548194E+008,2.4,2.1,5.8,3.789833,320.6535,11.24079
"2016-08-02 21:00:00",64420,12.89378,1.548194E+008,3.4,2,4.4,3.030501,322.1387,9.646688
"2016-08-02 21:10:00",64421,12.89126,1.548194E+008,3.8,2.4,5,3.561168,317.1983,8.061651
"2016-08-02 21:20:00",64422,12.88874,1.548194E+008,3.6,2.5,5.2,3.783333,313.8427,7.83745
"2016-08-02 21:30:00",64423,12.88287,1.548194E+008,4.2,2.9,5.4,3.815498,305.7964,9.096633
"2016-08-02 21:40:00",64424,12.89294,1.548194E+008,4.7,3.4,5.7,4.422999,297.2412,7.507309
"2016-08-02 21:50:00",64425,12.88455,1.548194E+008,4.2,3,5.7,4.385001,296.8765,7.676979
"2016-08-02 22:00:00",64426,12.87867,1.548194E+008,3.5,2.3,5.2,3.847333,283.2793,9.29423
"2016-08-02 22:10:00",64427,12.87615,1.548194E+008,5.1,1.7,6.2,3.622999,256.051,13.08468
"2016-08-02 22:20:00",64428,12.87195,1.548194E+008,3.8,2.4,6,4.080834,258.5527,13.04779
"2016-08-02 22:30:00",64429,12.87447,1.548194E+008,3.5,2.9,7.5,4.810164,265.2001,10.71366
"2016-08-02 22:40:00",64430,12.87028,1.548197E+008,7.8,3.6,9.400001,6.167835,270.4049,10.62556
"2016-08-02 22:50:00",64431,12.87112,1.548217E+008,6.9,3.8,10,6.779329,263.8765,12.38923
"2016-08-02 23:00:00",64432,12.86356,1.548231E+008,7.3,3.8,9.6,6.920668,248.0767,10.89737
"2016-08-02 23:10:00",64433,12.85852,1.548248E+008,8.3,5,9.7,7.261829,238.4076,9.627478
"2016-08-02 23:20:00",64434,12.8602,1.548296E+008,8.7,5.2,10.9,8.061832,223.1515,11.0651
"2016-08-02 23:30:00",64435,12.85852,1.548368E+008,8.8,5.5,13.1,8.979667,203.9857,14.37536
"2016-08-02 23:40:00",64436,12.85349,1.548443E+008,8,5.3,12.4,8.989502,193.7824,12.66648
"2016-08-02 23:50:00",64437,12.85265,1.548506E+008,5.4,5.1,12.7,8.7125,195.6579,14.97435
"2016-08-03 00:00:00",64438,12.85013,1.548555E+008,10.2,4,12.7,8.031669,194.9591,17.21129
"2016-08-03 00:10:00",64439,12.85433,1.548598E+008,8.8,3.1,13.3,7.833004,191.65,20.39127
"2016-08-03 00:20:00",64440,12.85097,1.548623E+008,10.2,1.3,12.8,6.278834,194.5502,22.04014
"2016-08-03 00:30:00",64441,12.85013,1.548643E+008,7.2,2.8,12.2,6.641833,194.3986,23.18162
"2016-08-03 00:40:00",64442,12.85685,1.548648E+008,3.6,0.8,11,4.151167,0,0
"2016-08-03 00:50:00",64443,12.83838,1.548648E+008,2.9,0,4.7,1.971834,0,0
"2016-08-03 01:00:00",64444,12.83586,1.54865E+008,7,0.5,9.900001,3.876667,230.3955,28.21527
"2016-08-03 01:10:00",64445,12.84677,1.548658E+008,8.400001,2.6,10.7,5.928326,232.3769,14.94643
"2016-08-03 01:20:00",64446,12.83586,1.54866E+008,5.6,2.4,9.3,5.581168,233.4671,15.68267
"2016-08-03 01:30:00",64447,12.83418,1.548661E+008,4.5,2.2,8.5,5.232164,235.7375,16.9506
"2016-08-03 01:40:00",64448,12.83418,1.548661E+008,4.1,2.1,6.7,4.474167,245.135,17.27652
"2016-08-03 01:50:00",64449,12.8325,1.548661E+008,3.7,1.3,8,4.597168,224.0797,17.07401
"2016-08-03 02:00:00",64450,12.83082,1.548663E+008,5.1,2.5,8.6,4.827332,227.0225,19.37287
"2016-08-03 02:10:00",64451,12.83082,1.548663E+008,4.5,1.4,7.3,4.3685,222.9817,24.1034
"2016-08-03 02:20:00",64452,12.82747,1.548663E+008,5.5,2.7,6.3,4.406835,235.107,13.16231
"2016-08-03 02:30:00",64453,12.82663,1.548664E+008,5.4,3.4,8.8,5.81967,219.0742,14.95551
"2016-08-03 02:40:00",64454,12.81739,1.548682E+008,6.6,4.1,10.1,6.843502,219.7546,14.99154
"2016-08-03 02:50:00",64455,12.81571,1.54872E+008,7.6,5.3,11.7,7.764663,217.5174,10.11848
"2016-08-03 03:00:00",64456,12.81823,1.548759E+008,8,5.3,10.8,7.956669,218.3043,9.990365
"2016-08-03 03:10:00",64457,12.80396,1.548799E+008,6.7,5.8,11.5,7.861168,218.1465,9.243389
"2016-08-03 03:20:00",64458,12.80144,1.548802E+008,6.5,4.7,9.2,6.582665,217.4463,10.10989
"2016-08-03 03:30:00",64459,12.80816,1.548814E+008,6,4.1,11,6.601334,207.1888,12.95419
"2016-08-03 03:40:00",64460,12.79892,1.54884E+008,7.8,4.3,11.9,7.168835,203.9577,12.5819
"2016-08-03 03:50:00",64461,12.80648,1.548859E+008,7.5,4.8,11.6,7.040166,210.62,13.30524
"2016-08-03 04:00:00",64462,12.80228,1.548898E+008,5.9,4.1,11.2,7.63733,221.6988,13.31782
"2016-08-03 04:10:00",64463,12.79053,1.548928E+008,9.5,4.9,10.9,7.422503,222.3171,10.74994
"2016-08-03 04:20:00",64464,12.79976,1.548971E+008,7.1,5.1,13.7,8.004998,224.2836,12.1852
"2016-08-03 04:30:00",64465,12.79892,1.549013E+008,6.1,5.1,11.2,7.8705,226.3487,11.77825
"2016-08-03 04:40:00",64466,12.78969,1.549044E+008,6.1,4.3,11.1,7.525503,231.4524,12.63282
"2016-08-03 04:50:00",64467,12.79305,1.549095E+008,10.1,4.6,11.7,8.343835,219.6494,13.79269
"2016-08-03 05:00:00",64468,12.77878,1.549142E+008,6.1,5,11.2,7.914666,216.4606,12.87935
"2016-08-03 05:10:00",64469,12.78717,1.549143E+008,6.1,4.8,8.8,6.808331,220.5267,11.04462
"2016-08-03 05:20:00",64470,12.77962,1.549147E+008,6.1,4.6,9,6.522998,212.8805,12.65872
"2016-08-03 05:30:00",64471,12.7771,1.549148E+008,7,3.8,8.5,6.152165,219.9137,14.79093
"2016-08-03 05:40:00",64472,12.77458,1.54916E+008,7.5,4.7,9.6,6.926003,220.9944,13.05369
"2016-08-03 05:50:00",64473,12.77038,1.549183E+008,6,3.7,11.2,7.025496,225.2066,16.09652
"2016-08-03 06:00:00",64474,12.77542,1.549193E+008,6.3,4.5,11.7,6.667834,226.1391,13.43364
"2016-08-03 06:10:00",64475,12.76954,1.5492E+008,7.4,4.5,9.5,6.540166,226.4787,11.51484
"2016-08-03 06:20:00",64476,12.76199,1.549219E+008,7.8,4.6,10.1,7.145836,222.2069,15.20712
"2016-08-03 06:30:00",64477,12.76703,1.549244E+008,5.6,4.6,10.8,7.395834,210.044,13.52392
"2016-08-03 06:40:00",64478,12.75779,1.549252E+008,6.3,4.4,9.6,6.683998,216.3081,11.93522
"2016-08-03 06:50:00",64479,12.76031,1.549261E+008,6.2,4.6,10.2,6.73983,208.3092,11.86256
"2016-08-03 07:00:00",64480,12.75779,1.54928E+008,9.1,5,11.7,7.153168,208.8074,11.43167
"2016-08-03 07:10:00",64481,12.75108,1.54933E+008,8.7,5.3,11.4,8.216999,211.5033,10.97648
"2016-08-03 07:20:00",64482,12.74856,1.549347E+008,6.6,5,10.7,7.186496,210.2651,12.19158
"2016-08-03 07:30:00",64483,12.73261,1.549366E+008,8.8,4.2,11.1,6.880996,210.0686,12.48291
"2016-08-03 07:40:00",64484,12.74856,1.549366E+008,6.8,3.6,7.9,5.86767,213.4526,11.20376
"2016-08-03 07:50:00",64485,12.74184,1.549366E+008,4.1,3.3,7.6,5.232169,208.2036,11.02996
"2016-08-03 08:00:00",64486,12.76535,1.549366E+008,4.5,2.4,6.9,4.564668,210.1029,12.24819
"2016-08-03 08:10:00",64487,12.80228,1.549366E+008,5.2,2.6,7.5,4.992001,200.013,12.53613
"2016-08-03 08:20:00",64488,12.78633,1.549366E+008,5,2.4,7,4.264835,205.6412,13.15221
"2016-08-03 08:30:00",64489,12.82747,1.549366E+008,5.7,1.3,7.4,4.292832,199.149,16.88458
"2016-08-03 08:40:00",64490,12.92148,1.549371E+008,5.3,3.3,10.4,5.903162,205.23,15.05177
"2016-08-03 08:50:00",64491,13.03145,1.549371E+008,3.7,1.1,7.1,4.264334,202.3026,19.79704
"2016-08-03 09:00:00",64492,13.11875,1.549372E+008,5.3,2.5,8.2,4.580002,206.1095,14.3203
"2016-08-03 09:10:00",64493,13.05915,1.549375E+008,8.8,3.6,8.8,6.006834,215.57,12.59708
"2016-08-03 09:20:00",64494,13.04068,1.549396E+008,7.2,5,11.4,7.229337,213.0225,11.27785
"2016-08-03 09:30:00",64495,13.20018,1.549433E+008,7.9,4.7,12,7.689332,216.9568,10.83859
"2016-08-03 09:40:00",64496,13.42179,1.549453E+008,7.2,4.6,10.6,7.344001,221.2368,10.31482
"2016-08-03 09:50:00",64497,13.41759,1.54948E+008,8.6,4.6,11.1,7.391001,221.2814,12.50837
"2016-08-03 10:00:00",64498,13.58464,1.549522E+008,6.2,5.3,10.4,7.79183,213.9474,11.84232
"2016-08-03 10:10:00",64499,14.19575,1.549557E+008,7.1,5.2,9.900001,7.689998,214.1361,12.36088
"2016-08-03 10:20:00",64500,14.64149,1.549571E+008,6.8,4.1,9.7,6.950333,205.5139,17.24405
"2016-08-03 10:30:00",64501,13.9179,1.549605E+008,6.3,4.5,11.8,7.466666,215.7407,13.5959
"2016-08-03 10:40:00",64502,13.60227,1.549609E+008,7.7,4.1,9.2,6.432003,0,0
"2016-08-03 10:50:00",64503,13.5519,1.549621E+008,5.8,4.7,10,6.647169,220.6837,12.12937
"2016-08-03 11:00:00",64504,13.72399,1.549653E+008,9.7,4.9,9.900001,7.522004,217.1393,11.32108
"2016-08-03 11:10:00",64505,13.91454,1.549661E+008,7,4.4,9.7,6.559002,216.5997,14.29472
"2016-08-03 11:20:00",64506,13.97834,1.549703E+008,9.1,4.6,12.6,7.910002,215.3624,10.99571
"2016-08-03 11:30:00",64507,13.79282,1.549727E+008,4.4,4.3,10.7,7.42817,211.6999,11.89925
"2016-08-03 11:40:00",64508,13.54938,1.54976E+008,7.5,4.5,11.8,7.719996,209.5914,11.49249
"2016-08-03 11:50:00",64509,13.70804,1.549765E+008,5.6,3.7,10.7,6.217669,199.5452,19.96372
"2016-08-03 12:00:00",64510,13.62325,1.549773E+008,7.6,4.1,10.2,6.286004,224.654,11.49359
"2016-08-03 12:10:00",64511,13.80709,1.549788E+008,6.4,3.8,10.1,6.477166,217.8928,13.25598
"2016-08-03 12:20:00",64512,13.80205,1.549794E+008,7.8,3.3,9.2,5.827995,219.2573,10.49511
"2016-08-03 12:30:00",64513,14.44255,1.549804E+008,6.2,3.1,9.6,5.903499,198.4083,18.32847
"2016-08-03 12:40:00",64514,14.72124,1.549804E+008,5.5,4.3,7.8,6.207336,212.4026,10.06996
"2016-08-03 12:50:00",64515,14.72795,1.549804E+008,6.6,3,7.5,5.293002,227.2701,18.10873
"2016-08-03 13:00:00",64516,14.73383,1.549806E+008,3.8,3.8,8.900001,5.844497,225.564,14.72553
"2016-08-03 13:10:00",64517,14.72544,1.549806E+008,2.2,2.1,7.9,5.6655,212.7914,13.75833
"2016-08-03 13:20:00",64518,14.72376,1.549806E+008,4.8,2,6.7,4.880167,227.0622,16.10015
"2016-08-03 13:30:00",64519,14.71536,1.549809E+008,4.9,3.4,8.6,6.347998,215.7248,15.01982
"2016-08-03 13:40:00",64520,14.73383,1.549811E+008,7.4,3.1,8.7,5.828669,195.6549,22.5649
"2016-08-03 13:50:00",64521,14.70781,1.549819E+008,8.5,4.3,10,6.652997,192.7091,19.38001
"2016-08-03 14:00:00",64522,14.72208,1.549823E+008,6.1,3.7,9.2,5.987666,204.2847,14.11096
"2016-08-03 14:10:00",64523,14.7162,1.549825E+008,5.9,3.5,8.8,5.551831,187.3557,15.39622
"2016-08-03 14:20:00",64524,14.69522,1.549827E+008,5.7,2.5,9.6,5.334163,187.2735,15.66521
"2016-08-03 14:30:00",64525,14.6927,1.549827E+008,4.7,2.7,7.1,4.481335,187.6537,16.92147
"2016-08-03 14:40:00",64526,14.68682,1.549827E+008,5.3,3.5,7.8,5.579832,205.195,11.48212
"2016-08-03 14:50:00",64527,14.71368,1.549827E+008,5.2,3.6,7.9,5.41433,190.5053,11.86668
"2016-08-03 15:00:00",64528,14.70529,1.549827E+008,3.5,2.7,7.3,4.6245,201.0436,21.09528
"2016-08-03 15:10:00",64529,14.71368,1.549827E+008,2.7,2.3,7.4,4.191832,217.007,15.34089
"2016-08-03 15:20:00",64530,14.69941,1.549827E+008,7.7,2,7.7,4.025666,218.6984,13.11967
"2016-08-03 15:30:00",64531,14.71033,1.549827E+008,5,3.6,8,5.350002,189.9248,14.82815
"2016-08-03 15:40:00",64532,13.34876,1.549827E+008,3.5,2.8,7.8,4.635668,173.3677,15.75596
"2016-08-03 15:50:00",64533,14.45765,1.549827E+008,3.1,2,5.7,3.490999,179.8369,13.89162
"2016-08-03 16:00:00",64534,13.35127,1.549827E+008,3.3,2.2,6.1,3.235836,188.3631,20.35544
"2016-08-03 16:10:00",64535,13.31266,1.549827E+008,4.9,2.6,8.1,5.184502,201.8762,14.85028
"2016-08-03 16:20:00",64536,14.59113,1.549827E+008,3.8,2.7,7.3,4.315166,206.2278,12.57792
"2016-08-03 16:30:00",64537,14.73803,1.549827E+008,1.7,1.2,5.2,2.876832,211.2497,19.281
"2016-08-03 16:40:00",64538,14.71452,1.549827E+008,4.6,1.6,6.5,4.121833,209.0141,15.38626
"2016-08-03 16:50:00",64539,13.16912,1.549827E+008,5,2.4,6.9,4.358,201.0459,14.66608
"2016-08-03 17:00:00",64540,13.07342,1.549827E+008,2.2,1.4,5.4,2.969833,195.4885,18.4573
"2016-08-03 17:10:00",64541,13.0516,1.549827E+008,1.1,0.8,2.5,1.5865,191.7092,21.66714
"2016-08-03 17:20:00",64542,13.00207,1.549827E+008,2.7,0.9,3.9,2.618832,171.8974,15.91996
"2016-08-03 17:30:00",64543,12.9794,1.549827E+008,2.9,1.5,5.5,2.736667,176.1932,14.9359
"2016-08-03 17:40:00",64544,12.96094,1.549827E+008,2.8,1.6,5.1,3.196168,181.2124,18.20659
"2016-08-03 17:50:00",64545,12.96261,1.549827E+008,2.2,0.9,2.9,1.923499,166.3376,14.76365
"2016-08-03 18:00:00",64546,12.95758,1.549827E+008,1.8,1.4,4,2.424165,189.8689,27.07388
"2016-08-03 18:10:00",64547,12.94499,1.549827E+008,3.3,1.2,5.2,3.0315,181.392,17.84225
"2016-08-03 18:20:00",64548,12.93995,1.549827E+008,6.7,2.1,7.7,4.213838,182.5206,19.75431
"2016-08-03 18:30:00",64549,12.93659,1.549827E+008,5.8,1.7,6.5,3.790668,181.6499,12.94875
"2016-08-03 18:40:00",64550,12.92232,1.549827E+008,4.2,2.3,6.7,3.835333,183.4239,12.57926
"2016-08-03 18:50:00",64551,12.91728,1.549827E+008,2.7,1.5,4.8,3.354503,184.3382,15.1437
"2016-08-03 19:00:00",64552,12.91645,1.549827E+008,2.3,1,3.4,2.053999,192.6328,16.79488
"2016-08-03 19:10:00",64553,12.91141,1.549827E+008,2.6,2.3,4.8,3.040667,188.3831,12.85357
"2016-08-03 19:20:00",64554,12.90805,1.549827E+008,5.5,2.3,6.7,3.843832,185.5195,15.10362
"2016-08-03 19:30:00",64555,12.89882,1.549827E+008,3.7,2.8,6.6,4.074999,181.5645,12.86666
"2016-08-03 19:40:00",64556,12.90469,1.549827E+008,4.3,2.5,6.5,4.117003,183.8297,14.8835
"2016-08-03 19:50:00",64557,12.89294,1.549827E+008,4.6,2.1,5.4,3.253833,179.4985,12.67194
"2016-08-03 20:00:00",64558,12.88874,1.549827E+008,5.8,2.1,6,3.908834,183.0449,11.77586
"2016-08-03 20:10:00",64559,12.88874,1.549827E+008,4,2,6.4,3.925166,181.7733,16.05666
"2016-08-03 20:20:00",64560,12.89378,1.549827E+008,3.3,2.3,5.8,3.854166,179.965,15.23027
"2016-08-03 20:30:00",64561,12.88623,1.549827E+008,4.7,1.8,6.9,4.46317,186.4305,14.06282
"2016-08-03 20:40:00",64562,12.87615,1.549827E+008,3.1,2.1,6.9,4.167333,176.7345,15.87303
"2016-08-03 20:50:00",64563,12.87112,1.549827E+008,5.4,3.1,7.2,4.859333,172.259,14.22936
"2016-08-03 21:00:00",64564,12.87615,1.549827E+008,4,2.5,6.7,4.155333,192.9904,15.04445
"2016-08-03 21:10:00",64565,12.86356,1.549827E+008,3.3,2.3,5.5,3.638668,182.172,13.02923
"2016-08-03 21:20:00",64566,12.87028,1.549827E+008,6.7,2.2,7.4,4.616499,200.9175,12.27637
"2016-08-03 21:30:00",64567,12.86776,1.549827E+008,4.2,2.8,7.6,4.842834,203.1492,10.81547
"2016-08-03 21:40:00",64568,12.85265,1.549827E+008,4.8,3.2,6.6,4.642667,206.8256,13.88297
"2016-08-03 21:50:00",64569,12.85769,1.549827E+008,4.4,3.3,7.9,5.328501,199.1914,11.65312
"2016-08-03 22:00:00",64570,12.85349,1.549829E+008,5.3,3.1,8.6,5.299833,184.6253,12.03126
"2016-08-03 22:10:00",64571,12.84677,1.549829E+008,4,2.2,6.5,4.342833,190.5529,14.26297
"2016-08-03 22:20:00",64572,12.85181,1.549829E+008,3.2,2.2,5,3.373334,197.5923,12.44221
"2016-08-03 22:30:00",64573,12.84929,1.549829E+008,3.5,1.8,5.1,3.146001,196.598,13.7908
"2016-08-03 22:40:00",64574,12.84677,1.549829E+008,3.9,1.6,4.7,3.091501,184.7634,13.43294
"2016-08-03 22:50:00",64575,12.84845,1.549829E+008,3.4,2,5.8,3.436832,194.7012,13.9519
"2016-08-03 23:00:00",64576,12.84258,1.549829E+008,2.3,1.8,4.8,3.156835,194.8203,14.56893
"2016-08-03 23:10:00",64577,12.8409,1.549829E+008,1.6,1.5,4.1,2.663834,198.4342,13.67616
"2016-08-03 23:20:00",64578,12.83922,1.549829E+008,1,0.8,2.4,1.598667,190.1324,16.26411
"2016-08-03 23:30:00",64579,12.8283,1.549829E+008,2.7,1.1,5.1,2.901833,185.1848,13.98585
"2016-08-03 23:40:00",64580,12.82998,1.549829E+008,2.6,1.7,6.7,3.433002,186.5414,18.31885
"2016-08-03 23:50:00",64581,12.82075,1.549829E+008,2.7,1.9,5.1,3.097667,185.9495,14.45716
"2016-08-04 00:00:00",64582,12.81991,1.549829E+008,1.9,1.4,4.3,2.460833,181.258,12.97843
"2016-08-04 00:10:00",64583,12.81487,1.549829E+008,2.2,1,3.7,2.324667,179.2821,13.55826
"2016-08-04 00:20:00",64584,12.81403,1.549829E+008,3.4,0.9,4.4,2.416001,170.0307,26.47923
"2016-08-04 00:30:00",64585,12.80564,1.549829E+008,2.3,0.8,4.8,2.595334,178.9041,10.95607
"2016-08-04 00:40:00",64586,12.81068,1.549829E+008,3.9,1.3,5.1,2.756,173.8808,21.21725
"2016-08-04 00:50:00",64587,12.79389,1.549829E+008,3.9,2,5.9,3.842999,179.6247,15.48871
"2016-08-04 01:00:00",64588,12.79221,1.549829E+008,3.1,1.9,4.5,3.136665,183.2748,11.69033
"2016-08-04 01:10:00",64589,12.79976,1.549829E+008,3.7,2.2,6.4,3.909497,176.5684,15.72813
"2016-08-04 01:20:00",64590,12.79809,1.549829E+008,3,2.4,6.2,3.696168,171.127,16.53443
"2016-08-04 01:30:00",64591,12.77962,1.549829E+008,2.5,1.9,4.4,2.942669,182.3885,12.62934
"2016-08-04 01:40:00",64592,12.78214,1.549829E+008,2.7,1.9,5,3.228666,192.7413,15.33385
"2016-08-04 01:50:00",64593,12.78046,1.549829E+008,3.4,1.5,3.7,2.277671,181.9456,14.04802
"2016-08-04 02:00:00",64594,12.77038,1.549829E+008,3.6,2.2,6.4,4.2075,170.1467,16.59977
"2016-08-04 02:10:00",64595,12.77542,1.549829E+008,3.2,1.9,5.8,3.425334,186.6039,17.88467
"2016-08-04 02:20:00",64596,12.75947,1.549829E+008,1.9,1.5,3.8,2.732833,205.0118,13.85747
"2016-08-04 02:30:00",64597,12.75779,1.549829E+008,2.5,1.5,3.1,2.412168,214.6782,11.79575
"2016-08-04 02:40:00",64598,12.75108,1.549829E+008,1.2,0.8,3.2,1.631668,177.0487,23.40187
"2016-08-04 02:50:00",64599,12.74688,1.549829E+008,2.9,1.3,3.7,2.3945,176.5758,11.19337
"2016-08-04 03:00:00",64600,12.75024,1.54983E+008,5,1.7,8.1,4.384336,179.0784,11.08239
"2016-08-04 03:10:00",64601,12.74268,1.54983E+008,3.4,3.2,8.400001,5.071833,173.3338,9.825174
"2016-08-04 03:20:00",64602,12.74184,1.54983E+008,2.3,1.8,5.5,3.410001,178.4234,0.3604537
"2016-08-04 03:30:00",64603,12.74016,1.54983E+008,2.8,2,5.6,3.2645,179.9537,1.652742
"2016-08-04 03:40:00",64604,12.72841,1.54983E+008,2.4,1.8,3.7,2.739836,182.1782,2.209644
"2016-08-04 03:50:00",64605,12.72925,1.54983E+008,2.2,1.4,3.6,2.262499,191.3435,0.3843611
"2016-08-04 04:00:00",64606,12.73429,1.54983E+008,5,1.5,5,2.718502,191.3624,0.3846155
"2016-08-04 04:10:00",64607,12.72254,1.54983E+008,4,2.3,8.2,4.873833,186.2789,11.38429
"2016-08-04 04:20:00",64608,12.72589,1.54983E+008,4.2,1.9,5.7,3.471334,181.7122,14.64685
"2016-08-04 04:30:00",64609,12.72254,1.54983E+008,4.3,2.3,7.8,4.575166,169.8791,9.954432
"2016-08-04 04:40:00",64610,12.70743,1.549831E+008,5.2,3.2,8.400001,5.221835,187.3113,14.29812
"2016-08-04 04:50:00",64611,12.71162,1.549831E+008,4.9,2.7,8,4.907833,198.8761,5.497087
"2016-08-04 05:00:00",64612,12.70575,1.549831E+008,2,2,6,3.315837,197.7506,5.120986
"2016-08-04 05:10:00",64613,12.70323,1.549831E+008,3.7,0.7,7.5,3.936333,185.8698,7.671538
"2016-08-04 05:20:00",64614,12.70239,1.549831E+008,7.1,1.4,7.1,3.188497,177.1046,3.352686
"2016-08-04 05:30:00",64615,12.69903,1.549831E+008,3.5,1.8,6.7,3.894666,164.5113,3.779729
"2016-08-04 05:40:00",64616,12.69903,1.549831E+008,4.3,2.2,6.4,4.009999,190.5916,9.217046
"2016-08-04 05:50:00",64617,12.69399,1.549831E+008,1.9,1.9,6.4,3.693666,191.5703,0.9198656
"2016-08-04 06:00:00",64618,12.6856,1.549831E+008,2,1.1,2.7,1.755999,191.3342,0.4042122
"2016-08-04 06:10:00",64619,12.68896,1.549831E+008,2.6,0.9,3.8,2.364501,191.3584,0.3986063
"2016-08-04 06:20:00",64620,12.69064,1.549831E+008,2.6,1.6,5.7,3.077502,193.0737,1.672349
"2016-08-04 06:30:00",64621,12.68308,1.549831E+008,4.5,2.2,6.2,3.696333,194.6135,0.3807807
"2016-08-04 06:40:00",64622,12.6856,1.549831E+008,4.4,2.4,6.5,4.269334,195.6314,4.220057
"2016-08-04 06:50:00",64623,12.67469,1.549831E+008,3.7,2.6,5.3,3.696001,195.4776,4.71548
"2016-08-04 07:00:00",64624,12.68056,1.549831E+008,3,1.9,6.4,3.588833,194.2994,1.003799
"2016-08-04 07:10:00",64625,12.67804,1.549831E+008,1.3,1,4.4,2.337,194.6167,0.4114096
"2016-08-04 07:20:00",64626,12.67049,1.549831E+008,0.5,0.2,2.2,1.128334,194.6295,0.4015409
"2016-08-04 07:30:00",64627,12.67385,1.549831E+008,0,0,2.4,0.8738337,194.5801,0.3682415
"2016-08-04 07:40:00",64628,12.67804,1.549831E+008,2.8,0,4.2,1.460334,194.5901,0.4109829
"2016-08-04 07:50:00",64629,12.68308,1.549831E+008,1.6,1.2,4.5,2.5745,194.612,0.4288749
"2016-08-04 08:00:00",64630,12.68056,1.549831E+008,3.6,0.6,6.4,3.486001,188.2099,9.406096
"2016-08-04 08:10:00",64631,12.70743,1.549831E+008,2.9,0.3,5.8,3.4865,164.2216,6.303311
"2016-08-04 08:20:00",64632,12.74436,1.549831E+008,2.4,1,6.3,3.304999,150.7654,6.470625
"2016-08-04 08:30:00",64633,12.77962,1.549831E+008,1.7,1,4.8,2.552335,146.5365,15.65325
"2016-08-04 08:40:00",64634,12.81487,1.549831E+008,4,0.6,6.5,3.310167,153.787,26.6928
"2016-08-04 08:50:00",64635,12.86944,1.549831E+008,3,1.3,5.1,2.792832,153.5546,21.22418
"2016-08-04 09:00:00",64636,12.90301,1.549831E+008,1.4,1.4,5.9,2.928667,156.2195,21.42621
"2016-08-04 09:10:00",64637,13.01298,1.549831E+008,3.6,1,4.5,2.748333,148.8029,19.50104
"2016-08-04 09:20:00",64638,13.0474,1.549831E+008,3,1.7,5.6,3.241834,173.6538,23.18399
"2016-08-04 09:30:00",64639,13.17667,1.549831E+008,2.1,1.3,5.3,2.930997,167.616,25.27777
"2016-08-04 09:40:00",64640,13.32525,1.549831E+008,4,1.2,5,2.840502,154.4512,19.19387
"2016-08-04 09:50:00",64641,13.32945,1.549831E+008,2.2,1.3,5.6,2.804834,161.3671,18.19471
"2016-08-04 10:00:00",64642,13.26062,1.549831E+008,4.3,1.4,5.3,3.051333,179.3178,14.27021
"2016-08-04 10:10:00",64643,13.30679,1.549831E+008,3.9,1.6,6,3.651666,174.4232,15.78225
"2016-08-04 10:20:00",64644,13.43018,1.549831E+008,2.1,1.6,4.7,2.864833,177.0912,17.59526
"2016-08-04 10:30:00",64645,13.64508,1.549831E+008,3.9,0.9,6.2,2.899501,172.4231,19.9577
"2016-08-04 10:40:00",64646,13.56449,1.549831E+008,2.7,2.1,4.8,3.080001,183.4906,16.67799
"2016-08-04 10:50:00",64647,13.61738,1.549831E+008,3.1,1.2,4.8,2.807001,184.6492,17.24328
"2016-08-04 11:00:00",64648,14.62218,1.549831E+008,1.5,1.4,4.4,2.642999,171.9505,14.71831
"2016-08-04 11:10:00",64649,14.78084,1.549831E+008,3.4,1,3.7,1.988833,180.7746,18.5278
"2016-08-04 11:20:00",64650,14.76153,1.549831E+008,4,1.1,7.1,3.757665,149.9135,25.01145
"2016-08-04 11:30:00",64651,14.7162,1.549831E+008,4.5,1.5,5.9,3.417167,174.978,15.49838
"2016-08-04 11:40:00",64652,14.7162,1.549831E+008,2.9,1.9,6.2,3.8065,178.6842,19.13792
"2016-08-04 11:50:00",64653,14.72292,1.549831E+008,2.2,1.1,4.3,2.570666,184.8004,24.59223
"2016-08-04 12:00:00",64654,14.71956,1.549831E+008,0.7,0.3,4.4,2.272168,181.1035,22.4592
"2016-08-04 12:10:00",64655,14.70529,1.549831E+008,3.9,0.7,5.2,3.249832,160.2355,15.58424
"2016-08-04 12:20:00",64656,14.6843,1.549831E+008,3.2,2.1,6.1,3.937166,177.8264,12.83735
"2016-08-04 12:30:00",64657,14.69606,1.549831E+008,2.3,1.6,5.4,3.320667,174.9158,17.27377
"2016-08-04 12:40:00",64658,14.69102,1.549831E+008,2.5,1.2,4.2,2.519166,186.821,13.07754
"2016-08-04 12:50:00",64659,14.6885,1.549831E+008,3.1,1.4,5.5,3.299335,171.2495,28.67472
"2016-08-04 13:00:00",64660,14.70949,1.549831E+008,3,1.8,5.1,3.170835,179.2155,15.85166
"2016-08-04 13:10:00",64661,14.71201,1.549831E+008,2.5,1.5,4.7,3.085832,167.5663,23.10307
"2016-08-04 13:20:00",64662,14.71704,1.549831E+008,1.6,0.5,4.3,1.701835,154.2108,33.04236
"2016-08-04 13:30:00",64663,14.71117,1.549831E+008,2.3,0.2,4,1.798002,0,0
"2016-08-04 13:40:00",64664,14.68682,1.549831E+008,2,0.1,3.6,1.650332,0,0
"2016-08-04 13:50:00",64665,14.67423,1.549831E+008,3.1,0.1,3.4,1.604834,176.9601,43.69981
"2016-08-04 14:00:00",64666,14.66248,1.549831E+008,2.5,0.9,3.7,2.335166,252.2399,33.53181
"2016-08-04 14:10:00",64667,14.66164,1.549831E+008,2.6,0.9,3.8,2.088,260.0983,20.80866
"2016-08-04 14:20:00",64668,14.67759,1.549831E+008,2.9,1.2,3.9,2.411666,266.8271,18.4323
"2016-08-04 14:30:00",64669,14.68095,1.549831E+008,2.3,1.2,3.4,2.4055,264.6546,16.70027
"2016-08-04 14:40:00",64670,14.67675,1.549831E+008,2.1,1.1,3,2.151166,273.0074,17.04851
"2016-08-04 14:50:00",64671,14.68598,1.549831E+008,1.2,0.9,2.7,1.837999,268.9931,19.20088
"2016-08-04 15:00:00",64672,14.67255,1.549831E+008,2.7,1.1,3.1,2.355333,285.4848,9.994529
"2016-08-04 15:10:00",64673,14.65912,1.549831E+008,2.5,1.3,3.4,2.410002,276.7637,14.28928
"2016-08-04 15:20:00",64674,14.66332,1.549831E+008,2.3,1.1,3.1,2.18,273.8429,17.57254
"2016-08-04 15:30:00",64675,14.66332,1.549831E+008,2.5,1.2,3.2,2.274999,278.2852,11.31892
"2016-08-04 15:40:00",64676,14.67087,1.549831E+008,1.8,1,3.3,2.172334,275.8007,15.32162
"2016-08-04 15:50:00",64677,13.31518,1.549831E+008,2.3,1.1,3.5,2.2305,284.242,12.18998
"2016-08-04 16:00:00",64678,13.69544,1.549831E+008,1.9,1.1,3.1,2.135833,295.1231,11.63387
"2016-08-04 16:10:00",64679,14.70697,1.549831E+008,1.5,1.1,2.7,1.746501,306.2868,12.81587
"2016-08-04 16:20:00",64680,14.69354,1.549831E+008,0.8,0.3,2.4,1.135,283.5904,35.79242
"2016-08-04 16:30:00",64681,13.28916,1.549831E+008,1.1,0,2.8,1.562,256.3164,38.88691
"2016-08-04 16:40:00",64682,13.15233,1.549831E+008,2.5,0.5,2.6,1.352166,257.8344,30.27993
"2016-08-04 16:50:00",64683,13.11623,1.549831E+008,1.8,0.4,2.5,1.319833,278.0418,20.74582
"2016-08-04 17:00:00",64684,13.08433,1.549831E+008,1,0.7,2.1,1.449,294.113,8.34667
"2016-08-04 17:10:00",64685,13.02977,1.549831E+008,1.2,0.7,1.4,1.011501,300.5319,13.50412
"2016-08-04 17:20:00",64686,13.00627,1.549831E+008,0.3,0,1.5,0.832665,304.5748,20.4903
"2016-08-04 17:30:00",64687,12.98444,1.549831E+008,0.6,0,1,0.4876669,0,0
"2016-08-04 17:40:00",64688,12.95842,1.549831E+008,0.4,0,1.3,0.4608341,0,0
"2016-08-04 17:50:00",64689,12.97437,1.549831E+008,0.7,0,1.6,0.7569999,0,0
"2016-08-04 18:00:00",64690,12.96513,1.549831E+008,1.1,0,1.5,0.5063331,0,0
"2016-08-04 18:10:00",64691,12.96429,1.549831E+008,0.7,0.3,1.7,0.9216664,0,0
"2016-08-04 18:20:00",64692,12.94163,1.549831E+008,0.9,0.3,1.3,0.8356659,83.98189,13.82277
"2016-08-04 18:30:00",64693,12.93575,1.549831E+008,0,0,1.2,0.5275006,0,0
"2016-08-04 18:40:00",64694,12.93911,1.549831E+008,0,0,1,0.2188334,76.53969,6.439291
"2016-08-04 18:50:00",64695,12.92736,1.549831E+008,0.6,0,0.9,0.3760008,0,0
"2016-08-04 19:00:00",64696,12.90973,1.549831E+008,0,0,1.2,0.7001671,0,0
"2016-08-04 19:10:00",64697,12.91728,1.549831E+008,0.8,0,1.3,0.6581676,85.31029,15.96503
"2016-08-04 19:20:00",64698,12.91645,1.549831E+008,1.5,0,1.6,0.8855008,0,0
"2016-08-04 19:30:00",64699,12.91393,1.549831E+008,0.7,0.5,2,1.107335,84.45786,9.262938
"2016-08-04 19:40:00",64700,12.91561,1.549831E+008,0.9,0.3,1.5,0.981502,76.35748,12.21072
"2016-08-04 19:50:00",64701,12.91141,1.549831E+008,0.8,0.6,1.6,1.161833,94.24175,7.438123
"2016-08-04 20:00:00",64702,12.89714,1.549831E+008,0.6,0,0.9,0.422667,102.9125,20.4222
"2016-08-04 20:10:00",64703,12.88958,1.549831E+008,0.9,0.1,1.2,0.6969991,0,0
"2016-08-04 20:20:00",64704,12.88874,1.549831E+008,0.2,0,1.1,0.3726664,0,0
"2016-08-04 20:30:00",64705,12.88455,1.549831E+008,0.7,0,1.9,0.655,0,0
"2016-08-04 20:40:00",64706,12.88287,1.549831E+008,0.7,0.5,2.1,0.9828327,135.0182,22.72805
"2016-08-04 20:50:00",64707,12.88203,1.549831E+008,1.3,0,1.9,0.4998329,89.41703,37.09066
"2016-08-04 21:00:00",64708,12.88539,1.549831E+008,0.9,0.2,2,1.044165,0,0
"2016-08-04 21:10:00",64709,12.86692,1.549831E+008,0.2,0.1,1.6,0.9981671,88.86388,13.4045
"2016-08-04 21:20:00",64710,12.86692,1.549831E+008,0.6,0,1.9,0.6621664,106.8843,23.3437
"2016-08-04 21:30:00",64711,12.87028,1.549831E+008,0,0,1.3,0.4356667,127.8532,33.97524
"2016-08-04 21:40:00",64712,12.87112,1.549831E+008,1.2,0,1.8,1.054668,93.2589,9.197618
"2016-08-04 21:50:00",64713,12.86524,1.549831E+008,0.9,0,1.3,0.7536661,101.025,10.38222
"2016-08-04 22:00:00",64714,12.85433,1.549831E+008,0.5,0.3,1.1,0.6755009,100.7396,18.839
"2016-08-04 22:10:00",64715,12.86188,1.549831E+008,1,0,2.8,0.759333,0,0
"2016-08-04 22:20:00",64716,12.84593,1.549831E+008,1.3,0,1.9,0.5261669,130.5853,30.56539
"2016-08-04 22:30:00",64717,12.85097,1.549831E+008,0,0,1.5,0.2688334,0,0
"2016-08-04 22:40:00",64718,12.84929,1.549831E+008,0.7,0,1.2,0.7595001,0,0
"2016-08-04 22:50:00",64719,12.84258,1.549831E+008,1,0,1.3,0.6078325,65.78868,21.23025
"2016-08-04 23:00:00",64720,12.83418,1.549831E+008,0.3,0.1,1.3,0.8353313,0,0
"2016-08-04 23:10:00",64721,12.83334,1.549831E+008,0.6,0,1,0.4703332,74.7069,15.50712
"2016-08-04 23:20:00",64722,12.82243,1.549831E+008,0.8,0.2,1.4,0.7806669,0,0
"2016-08-04 23:30:00",64723,12.81236,1.549831E+008,1,0.6,1.4,0.9841667,0,0
"2016-08-04 23:40:00",64724,12.83166,1.549831E+008,0.5,0,1.4,0.6209996,0,0
"2016-08-04 23:50:00",64725,12.82411,1.549831E+008,0.6,0,0.9,0.2665,0,0
"2016-08-05 00:00:00",64726,12.81823,1.549831E+008,1,0.1,1.2,0.7540002,90.44463,8.094699
"2016-08-05 00:10:00",64727,12.81487,1.549831E+008,0,0,1.2,0.7045009,97.00839,9.505567
"2016-08-05 00:20:00",64728,12.81403,1.549831E+008,0,0,0.7,0.2418336,101.4092,9.989697
"2016-08-05 00:30:00",64729,12.8006,1.549831E+008,0,0,0.6,0.0391667,169.5259,5.899003
"2016-08-05 00:40:00",64730,12.79389,1.549831E+008,0,0,0.6,0.05416665,296.8898,7.957628
"2016-08-05 00:50:00",64731,12.80312,1.549831E+008,0.5,0,0.6,0.04450001,77.40237,6.370785
"2016-08-05 01:00:00",64732,12.79725,1.549831E+008,0.8,0.4,1.2,0.7453315,86.71558,11.01439
"2016-08-05 01:10:00",64733,12.79557,1.549831E+008,0.7,0.3,1,0.7356686,75.45476,9.263876
"2016-08-05 01:20:00",64734,12.78549,1.549831E+008,0.9,0.4,1.3,0.9310014,75.12783,9.425205
"2016-08-05 01:30:00",64735,12.7813,1.549831E+008,1.5,0,1.6,0.6889999,0,0
"2016-08-05 01:40:00",64736,12.78046,1.549831E+008,0.1,0,1.6,0.8323341,101.5494,6.964752
"2016-08-05 01:50:00",64737,12.7494,1.549831E+008,0.9,0,0.9,0.5058329,0,0
"2016-08-05 02:00:00",64738,12.76954,1.549831E+008,0,0,0.9,0.1599999,0,0
"2016-08-05 02:10:00",64739,12.76031,1.549831E+008,0.4,0,0.9,0.2173332,173.089,16.13058
"2016-08-05 02:20:00",64740,12.75359,1.549831E+008,1.1,0.4,1.8,1.286499,186.2093,8.444398
"2016-08-05 02:30:00",64741,12.75611,1.549831E+008,0.8,0.6,1.2,0.9435002,156.3999,11.25908
"2016-08-05 02:40:00",64742,12.73764,1.549831E+008,0,0,1.4,0.8025005,157.8216,14.85211
"2016-08-05 02:50:00",64743,12.75527,1.549831E+008,0.4,0,0.7,0.1738333,129.6164,15.16376
"2016-08-05 03:00:00",64744,12.73597,1.549831E+008,0,0,0.5,0.05883327,99.63026,6.824696
"2016-08-05 03:10:00",64745,12.72925,1.549831E+008,0.8,0,0.9,0.4738335,143.788,26.48039
"2016-08-05 03:20:00",64746,12.72673,1.549831E+008,1.1,0.6,1.3,1.019834,84.29512,8.610311
"2016-08-05 03:30:00",64747,12.72338,1.549831E+008,1.2,0.6,1.4,1.044001,87.9569,8.545251
"2016-08-05 03:40:00",64748,12.72254,1.549831E+008,1.4,0.8,1.5,1.128667,97.56461,13.92752
"2016-08-05 03:50:00",64749,12.71834,1.549831E+008,0.6,0.4,1.6,1.073002,88.20427,14.08717
"2016-08-05 04:00:00",64750,12.70239,1.549831E+008,0,0,1.3,0.3763331,0,0
"2016-08-05 04:10:00",64751,12.69651,1.549831E+008,1,0,1.5,0.7109999,163.7848,9.926529
"2016-08-05 04:20:00",64752,12.70407,1.549831E+008,0.8,0,1.2,0.6488345,107.2733,37.34763
"2016-08-05 04:30:00",64753,12.69819,1.549831E+008,0.9,0.6,1.3,0.9538351,93.56489,6.655654
"2016-08-05 04:40:00",64754,12.69315,1.549831E+008,0.9,0.3,1.1,0.7296667,91.72372,12.15324
"2016-08-05 04:50:00",64755,12.67385,1.549831E+008,0.9,0,1.1,0.7396674,0,0
"2016-08-05 05:00:00",64756,12.68392,1.549831E+008,0.3,0.2,1.2,0.8268337,0,0
"2016-08-05 05:10:00",64757,12.68644,1.549831E+008,0.1,0,1,0.3956666,0,0
"2016-08-05 05:20:00",64758,12.68056,1.549831E+008,1.3,0,1.4,0.4943335,104.9385,6.721095
"2016-08-05 05:30:00",64759,12.6856,1.549831E+008,0.9,0.8,1.6,1.2175,99.22673,11.50783
"2016-08-05 05:40:00",64760,12.67804,1.549831E+008,0.8,0,1.1,0.5129996,0,0
"2016-08-05 05:50:00",64761,12.65874,1.549831E+008,0.7,0,1,0.3201664,0,0
"2016-08-05 06:00:00",64762,12.66629,1.549831E+008,0.9,0.2,1.8,0.9760005,0,0
"2016-08-05 06:10:00",64763,12.67469,1.549831E+008,1.1,0,1.2,0.6571664,0,0
"2016-08-05 06:20:00",64764,12.67049,1.549831E+008,1,0.8,1.5,1.202165,81.27644,6.742127
"2016-08-05 06:30:00",64765,12.66713,1.549831E+008,0.5,0,1.5,0.9708326,78.45714,11.61819
"2016-08-05 06:40:00",64766,12.65202,1.549831E+008,0.4,0,1.4,0.8978342,92.99576,16.61948
"2016-08-05 06:50:00",64767,12.65538,1.549831E+008,1.8,0,2.8,1.265,0,0
"2016-08-05 07:00:00",64768,12.64195,1.549831E+008,1.6,1,3,1.929834,283.7253,11.21337
"2016-08-05 07:10:00",64769,12.63607,1.549831E+008,1.4,1.1,3.8,2.444834,283.3599,11.55054
"2016-08-05 07:20:00",64770,12.63859,1.549831E+008,2.7,1.4,3.7,2.496166,276.7605,13.06924
"2016-08-05 07:30:00",64771,12.63775,1.549831E+008,3.7,1.4,5,2.837333,280.0175,16.50784
"2016-08-05 07:40:00",64772,12.63943,1.549831E+008,2.8,2.5,5.6,4.021668,310.2372,11.91277
"2016-08-05 07:50:00",64773,12.6537,1.549831E+008,2,0.8,4.9,2.462166,281.9076,20.37341
"2016-08-05 08:00:00",64774,12.67385,1.549831E+008,3.1,2,6.7,4.516166,293.1153,12.10266
"2016-08-05 08:10:00",64775,12.70575,1.549831E+008,4.2,1.9,5.3,3.413669,281.9404,13.12001
"2016-08-05 08:20:00",64776,12.73597,1.549831E+008,3,1.4,5.2,3.437666,260.0393,17.88131
"2016-08-05 08:30:00",64777,12.78214,1.549831E+008,3.8,1.7,5.2,3.3005,261.0459,14.72532
"2016-08-05 08:40:00",64778,12.85349,1.549831E+008,3.3,1.9,4.8,3.415665,240.7711,10.04583
"2016-08-05 08:50:00",64779,12.94415,1.549831E+008,3.1,2.5,4.6,3.540835,231.222,10.657
"2016-08-05 09:00:00",64780,12.99955,1.549831E+008,3.4,1.9,4,2.858834,225.7291,11.94648
"2016-08-05 09:10:00",64781,13.04656,1.549831E+008,2.5,1.7,3.5,2.668502,227.9158,15.3333
"2016-08-05 09:20:00",64782,13.18842,1.549831E+008,3.2,1.6,4.1,2.914833,235.781,12.84128
"2016-08-05 09:30:00",64783,13.12966,1.549831E+008,2.2,1.7,4.4,3.2435,236.4434,10.40385
"2016-08-05 09:40:00",64784,13.30091,1.549831E+008,3.5,1.7,4.5,3.158002,236.8542,11.49357
"2016-08-05 09:50:00",64785,13.39744,1.549831E+008,4,2.1,4.4,3.087334,230.1666,11.88176
"2016-08-05 10:00:00",64786,13.41255,1.549831E+008,3.4,1.9,4.6,3.426502,228.5271,9.715785
"2016-08-05 10:10:00",64787,13.45285,1.549831E+008,3.2,2.4,4.3,3.370498,230.1487,11.00154
"2016-08-05 10:20:00",64788,13.56533,1.549831E+008,3.3,2.4,4.7,3.426833,228.7933,9.508424
"2016-08-05 10:30:00",64789,13.54686,1.549831E+008,3.2,1.9,5.1,3.313667,238.4292,12.87134
"2016-08-05 10:40:00",64790,13.49146,1.549831E+008,3.6,1.9,4.9,3.526335,247.2368,19.2603
"2016-08-05 10:50:00",64791,13.52672,1.549831E+008,2.2,1.3,5.6,3.236999,261.5046,17.93017
"2016-08-05 11:00:00",64792,13.52588,1.549831E+008,5.7,1.5,7.4,3.998336,272.7893,17.46696
"2016-08-05 11:10:00",64793,13.56701,1.549831E+008,4.1,1,5.4,3.241834,260.5239,20.93419
"2016-08-05 11:20:00",64794,13.65263,1.549831E+008,3.8,2,5.2,3.387167,250.4872,18.49698
"2016-08-05 11:30:00",64795,13.98925,1.549831E+008,1.8,1.5,5.2,3.170335,261.6211,18.5713
"2016-08-05 11:40:00",64796,14.07403,1.549831E+008,2.7,1.5,4.2,3.137835,222.5905,16.86371
"2016-08-05 11:50:00",64797,14.07487,1.549831E+008,2.9,1.2,3.6,2.404167,253.1286,19.53086
"2016-08-05 12:00:00",64798,14.76825,1.549831E+008,2.1,0.8,3.8,2.667834,226.6588,25.33568
"2016-08-05 12:10:00",64799,14.74978,1.549831E+008,2.3,1.2,3.9,2.360001,256.5836,21.75209
"2016-08-05 12:20:00",64800,14.75398,1.549831E+008,2.5,1.5,4.2,2.461166,267.0876,26.69956
"2016-08-05 12:30:00",64801,14.76321,1.549831E+008,3,1.7,4.3,2.979499,217.6887,16.23213
"2016-08-05 12:40:00",64802,14.74558,1.549831E+008,2.9,1.7,4.5,3.119502,225.1227,13.62501
"2016-08-05 12:50:00",64803,14.76069,1.549831E+008,3.8,2.5,5.1,3.733,221.8569,12.35424
"2016-08-05 13:00:00",64804,14.74642,1.549831E+008,3.6,1.8,5.1,3.309001,229.6576,12.66979
"2016-08-05 13:10:00",64805,14.74223,1.549831E+008,3,1.7,5.9,3.583333,232.4392,13.64049
"2016-08-05 13:20:00",64806,14.74642,1.549831E+008,5,1.6,5,2.965,240.932,17.82287
"2016-08-05 13:30:00",64807,14.73971,1.549831E+008,3.5,1.3,5.1,3.085,244.58,12.02242
"2016-08-05 13:40:00",64808,14.74055,1.549831E+008,2.8,1.3,5.4,3.129666,236.2135,20.48669
"2016-08-05 13:50:00",64809,14.7246,1.549831E+008,2.7,1.7,5.4,3.564832,231.6616,13.60659
"2016-08-05 14:00:00",64810,14.71704,1.549831E+008,2.9,1.7,4.9,3.057334,232.0214,17.63856
"2016-08-05 14:10:00",64811,14.71452,1.549831E+008,4.3,2,4.6,3.558666,225.6911,12.08919
"2016-08-05 14:20:00",64812,14.70949,1.549831E+008,4.9,2.8,6,4.321831,213.429,11.43569
"2016-08-05 14:30:00",64813,14.71117,1.549831E+008,3.5,3.3,5.7,4.295502,211.6823,8.272721
"2016-08-05 14:40:00",64814,14.70193,1.549831E+008,2.7,2.5,5.2,3.718497,205.5394,12.69542
"2016-08-05 14:50:00",64815,14.69857,1.549831E+008,4.2,2,5.6,3.594831,215.033,10.07294
"2016-08-05 15:00:00",64816,14.69606,1.549831E+008,3.1,2.6,5.1,3.615834,212.2446,10.19176
"2016-08-05 15:10:00",64817,14.70277,1.549831E+008,2.4,2.2,4.4,2.999332,207.3972,11.91025
"2016-08-05 15:20:00",64818,14.69186,1.549831E+008,3.9,2.4,5,3.572832,212.3826,9.542146
"2016-08-05 15:30:00",64819,14.70613,1.549831E+008,3.6,1.5,5.1,3.260499,196.851,15.01193
"2016-08-05 15:40:00",64820,14.70613,1.549831E+008,4.5,2.7,5.4,4.077333,209.0186,12.10131
"2016-08-05 15:50:00",64821,14.71033,1.549831E+008,4.3,1.7,5.5,3.477833,192.4248,17.11437
"2016-08-05 16:00:00",64822,14.7162,1.549831E+008,4.5,2.5,5.7,3.757498,180.6146,11.86877
"2016-08-05 16:10:00",64823,14.3947,1.549831E+008,4,2,4.8,3.554998,171.0621,12.31912
"2016-08-05 16:20:00",64824,13.29251,1.549831E+008,2.4,1.7,4.3,2.865169,179.3143,13.43788
"2016-08-05 16:30:00",64825,13.17835,1.549831E+008,2.7,1.7,4.3,2.609666,178.1461,15.11147
"2016-08-05 16:40:00",64826,13.1347,1.549831E+008,1.6,1.3,3.4,2.081999,176.8288,18.56926
"2016-08-05 16:50:00",64827,13.09189,1.549831E+008,1.9,1.6,3.6,2.523832,180.5024,13.12769
"2016-08-05 17:00:00",64828,13.06167,1.549831E+008,2.5,1.5,3.4,2.257502,185.2213,13.67993
"2016-08-05 17:10:00",64829,13.04572,1.549831E+008,2.6,1.8,3.3,2.5975,191.6329,16.73339
"2016-08-05 17:20:00",64830,13.01802,1.549831E+008,3,2.1,5.9,3.374666,210.1492,13.89107
"2016-08-05 17:30:00",64831,12.99451,1.549831E+008,2.6,2.1,4.5,3.378335,215.5604,13.66327
"2016-08-05 17:40:00",64832,12.97101,1.549831E+008,1.7,1.5,3.4,2.186501,184.6919,18.16125
"2016-08-05 17:50:00",64833,12.95758,1.549831E+008,1.2,0.6,2.6,1.562667,170.2899,12.62413
"2016-08-05 18:00:00",64834,12.95086,1.549831E+008,0.8,0.4,1.4,0.8850007,155.1345,17.18611
"2016-08-05 18:10:00",64835,12.95254,1.549831E+008,1.1,0.4,1.4,1.022,113.0843,30.71813
"2016-08-05 18:20:00",64836,12.94415,1.549831E+008,1.2,0.1,1.3,1.007666,79.45579,10.0025
"2016-08-05 18:30:00",64837,12.92904,1.549831E+008,1.2,0.3,1.4,0.9090005,87.73894,8.22928
"2016-08-05 18:40:00",64838,12.93072,1.549831E+008,2,0.5,2.3,1.313167,84.28674,9.741766
"2016-08-05 18:50:00",64839,12.91896,1.549831E+008,1.5,1.1,2.3,1.721167,83.01309,8.965302
"2016-08-05 19:00:00",64840,12.91812,1.549831E+008,0.9,0.2,1.7,0.9660003,81.9361,9.252256
"2016-08-05 19:10:00",64841,12.91393,1.549831E+008,1.2,0.5,1.5,1.009833,89.09346,6.830644
"2016-08-05 19:20:00",64842,12.90553,1.549831E+008,0.6,0.3,1.4,0.8835008,90.48513,8.345943
"2016-08-05 19:30:00",64843,12.90469,1.549831E+008,1,0.5,1.6,0.9928334,88.67474,12.34534
"2016-08-05 19:40:00",64844,12.89126,1.549831E+008,0,0,1.2,0.7431678,85.96107,12.76272
"2016-08-05 19:50:00",64845,12.88958,1.549831E+008,0.6,0,1.6,0.9629986,0,0
"2016-08-05 20:00:00",64846,12.88119,1.549831E+008,0.7,0.1,1.3,0.8641672,75.91898,21.87711
"2016-08-05 20:10:00",64847,12.88455,1.549831E+008,0.9,0.6,1.3,0.9625,98.88334,9.452222
"2016-08-05 20:20:00",64848,12.87783,1.549831E+008,0.6,0.5,1.5,1.005,91.14596,8.53911
"2016-08-05 20:30:00",64849,12.87951,1.549831E+008,0.9,0,1.4,0.6525,98.54856,17.18337
"2016-08-05 20:40:00",64850,12.8644,1.549831E+008,1.1,0.7,1.6,1.101166,77.09671,8.211889
"2016-08-05 20:50:00",64851,12.85181,1.549831E+008,0,0,1.2,0.4841671,0,0
"2016-08-05 21:00:00",64852,12.8686,1.549831E+008,0.7,0,1.1,0.3593335,74.03339,7.54968
"2016-08-05 21:10:00",64853,12.85936,1.549831E+008,1.1,0.8,1.5,1.163,87.0752,8.394504
"2016-08-05 21:20:00",64854,12.8686,1.549831E+008,0,0,1.2,0.358,97.66156,8.624839
"2016-08-05 21:30:00",64855,12.8644,1.549831E+008,0.6,0,0.8,0.3888336,93.05601,6.283111
"2016-08-05 21:40:00",64856,12.85265,1.549831E+008,1.1,0,1.2,0.6559994,85.70049,7.822696
"2016-08-05 21:50:00",64857,12.84006,1.549831E+008,1,0.8,1.7,1.25383,96.21622,7.413032
"2016-08-05 22:00:00",64858,12.84845,1.549831E+008,0.8,0.5,1.1,0.9058309,99.92245,8.625712
"2016-08-05 22:10:00",64859,12.84341,1.549831E+008,1.4,0.4,1.7,1.071167,91.11483,6.950709
"2016-08-05 22:20:00",64860,12.83838,1.549831E+008,0.8,0.8,1.6,1.237997,103.1714,16.2362
"2016-08-05 22:30:00",64861,12.83586,1.549831E+008,0.9,0.1,1.2,0.6121661,99.11783,22.55761
"2016-08-05 22:40:00",64862,12.82075,1.549831E+008,0,0,1.4,0.7406673,109.1204,15.98242
"2016-08-05 22:50:00",64863,12.8283,1.549831E+008,0,0,0.5,0.08716658,137.3483,13.88013
"2016-08-05 23:00:00",64864,12.82327,1.549831E+008,1.2,0,2.5,1.527834,72.82867,6.48354
"2016-08-05 23:10:00",64865,12.81236,1.549831E+008,0.5,0,1.3,0.5403336,0,0
"2016-08-05 23:20:00",64866,12.81739,1.549831E+008,0.5,0.3,1.6,0.8836661,101.316,11.45809
"2016-08-05 23:30:00",64867,12.80984,1.549831E+008,0.4,0,1.2,0.6741664,100.6469,14.91284
"2016-08-05 23:40:00",64868,12.80312,1.549831E+008,1,0.3,1.4,0.9096683,0,0
"2016-08-05 23:50:00",64869,12.79473,1.549831E+008,0,0,1.2,0.1516667,0,0
"2016-08-06 00:00:00",64870,12.79809,1.549831E+008,0.9,0,1,0.5860015,116.4513,10.28659
"2016-08-06 00:10:00",64871,12.79725,1.549831E+008,1.2,0.6,1.4,1.016167,91.51521,7.886932
"2016-08-06 00:20:00",64872,12.78801,1.549831E+008,0.7,0.3,1.4,0.877666,103.0604,12.5835
"2016-08-06 00:30:00",64873,12.78214,1.549831E+008,1.6,0.7,2.1,1.534334,95.76214,8.861676
"2016-08-06 00:40:00",64874,12.7771,1.549831E+008,0.1,0,1.6,0.7756673,108.777,13.95178
"2016-08-06 00:50:00",64875,12.77794,1.549831E+008,2.4,0,2.5,1.468836,96.32298,9.500628
"2016-08-06 01:00:00",64876,12.76031,1.549831E+008,2,1.7,2.5,2.108664,88.63312,2.025929
"2016-08-06 01:10:00",64877,12.75359,1.549831E+008,0.2,0,2.1,0.986001,0,0
"2016-08-06 01:20:00",64878,12.76703,1.549831E+008,0.5,0,0.9,0.3215,0,0
"2016-08-06 01:30:00",64879,12.75443,1.549831E+008,0.9,0.3,1.4,1.053334,73.49171,9.461905
"2016-08-06 01:40:00",64880,12.75611,1.549831E+008,0.7,0.4,1.5,1.033502,93.71445,12.81941
"2016-08-06 01:50:00",64881,12.74268,1.549831E+008,1.3,0.2,1.6,0.7744997,112.3119,16.99363
"2016-08-06 02:00:00",64882,12.73849,1.549831E+008,0.7,0.4,1.6,1.149499,99.03628,15.65642
"2016-08-06 02:10:00",64883,12.73261,1.549831E+008,1.2,0,1.3,0.6195006,117.2878,20.61124
"2016-08-06 02:20:00",64884,12.73177,1.549831E+008,1.5,1,1.6,1.307665,92.21156,7.742696
"2016-08-06 02:30:00",64885,12.71414,1.549831E+008,0.9,0,1.6,0.8223327,86.34216,12.5028
"2016-08-06 02:40:00",64886,12.71498,1.549831E+008,1.2,0,1.4,0.8208328,0,0
"2016-08-06 02:50:00",64887,12.70323,1.549831E+008,0,0,1.5,0.5660006,0,0
"2016-08-06 03:00:00",64888,12.69903,1.549831E+008,0.7,0,0.9,0.524667,0,0
"2016-08-06 03:10:00",64889,12.69903,1.549831E+008,1,0.5,1.3,0.8931665,75.00599,11.64161
"2016-08-06 03:20:00",64890,12.69567,1.549831E+008,0.3,0.2,1.1,0.5640006,113.1424,19.57875
"2016-08-06 03:30:00",64891,12.68392,1.549831E+008,1,0,1.5,0.8189998,109.3064,16.28813
"2016-08-06 03:40:00",64892,12.67888,1.549831E+008,1.3,0,1.3,0.5961671,98.94605,12.27131
"2016-08-06 03:50:00",64893,12.68224,1.549831E+008,1.1,0,1.3,0.4373334,95.5468,8.362593
"2016-08-06 04:00:00",64894,12.66042,1.549831E+008,0,0,1.1,0.3996671,0,0
"2016-08-06 04:10:00",64895,12.66377,1.549831E+008,0.7,0,1.2,0.5916656,94.91124,9.062235
"2016-08-06 04:20:00",64896,12.66042,1.549831E+008,0.5,0.1,1,0.6025004,115.6848,13.02918
"2016-08-06 04:30:00",64897,12.65202,1.549831E+008,0.9,0.4,1.1,0.7731654,86.31857,5.971578
"2016-08-06 04:40:00",64898,12.65286,1.549831E+008,0.2,0,1,0.3816667,70.01577,17.06252
"2016-08-06 04:50:00",64899,12.62768,1.549831E+008,0.4,0,0.7,0.1823333,0,0
"2016-08-06 05:00:00",64900,12.64111,1.549831E+008,0.8,0,1.1,0.6423321,0,0
"2016-08-06 05:10:00",64901,12.64615,1.549831E+008,0.7,0.2,1,0.6613334,76.33057,13.46768
"2016-08-06 05:20:00",64902,12.63859,1.549831E+008,1.3,0.6,1.5,1.191832,83.06898,7.910538
"2016-08-06 05:30:00",64903,12.63523,1.549831E+008,1.2,1,1.5,1.198165,85.54324,5.36252
"2016-08-06 05:40:00",64904,12.63691,1.549831E+008,0.6,0.4,1.2,0.6743367,95.31281,14.3661
"2016-08-06 05:50:00",64905,12.63523,1.549831E+008,0.5,0,1.2,0.6336664,118.3267,12.23632
"2016-08-06 06:00:00",64906,12.62012,1.549831E+008,0.1,0,1.2,0.5393332,109.6133,13.79916
"2016-08-06 06:10:00",64907,12.6302,1.549831E+008,1.6,0,1.7,0.8928328,92.4566,11.76412
"2016-08-06 06:20:00",64908,12.62432,1.549831E+008,1,0.6,1.7,1.051501,87.54368,4.94743
"2016-08-06 06:30:00",64909,12.62516,1.549831E+008,1.3,0.6,1.4,0.9235002,90.11163,5.624054
"2016-08-06 06:40:00",64910,12.62432,1.549831E+008,1.3,0.8,1.5,1.146503,95.98925,7.150944
"2016-08-06 06:50:00",64911,12.61928,1.549831E+008,0,0,1.5,0.5570011,114.0498,19.09021
"2016-08-06 07:00:00",64912,12.61425,1.549831E+008,0,0,0.8,0.04466667,156.9271,2.502972
"2016-08-06 07:10:00",64913,12.61761,1.549831E+008,1.1,0,1.2,0.8493326,86.18851,8.810977
"2016-08-06 07:20:00",64914,12.61509,1.549831E+008,1,0.6,1.2,0.9291667,94.002,5.513639
"2016-08-06 07:30:00",64915,12.61089,1.549831E+008,1.6,0.7,1.7,1.160834,90.37239,4.790124
"2016-08-06 07:40:00",64916,12.62012,1.549831E+008,0.4,0.2,1.8,0.8499993,103.0041,13.11027
"2016-08-06 07:50:00",64917,12.62012,1.549831E+008,0,0,0.5,0.03333334,90.87442,6.847683
"2016-08-06 08:00:00",64918,12.63523,1.549831E+008,1.1,0,1.7,0.7911666,97.62981,7.031961
"2016-08-06 08:10:00",64919,12.63943,1.549831E+008,1,0,1.6,0.5586661,0,0
"2016-08-06 08:20:00",64920,12.6621,1.549831E+008,0.6,0,1.5,0.6945005,0,0
"2016-08-06 08:30:00",64921,12.6856,1.549831E+008,0.8,0,1.1,0.3571669,0,0
"2016-08-06 08:40:00",64922,12.73932,1.549831E+008,0,0,0.8,0.3306668,0,0
"2016-08-06 08:50:00",64923,12.87112,1.549831E+008,0.4,0,0.7,0.2213334,0,0
"2016-08-06 09:00:00",64924,12.90973,1.549831E+008,0,0,0.6,0.04,82.75809,4.103843
"2016-08-06 09:10:00",64925,12.96765,1.549831E+008,0,0,0.4,0.04233333,0,0
"2016-08-06 09:20:00",64926,13.08014,1.549831E+008,0,0,0.5,0.04783332,112.4045,5.762091
"2016-08-06 09:30:00",64927,13.26397,1.549831E+008,0,0,0.4,0.04066671,88.55688,1.95327
"2016-08-06 09:40:00",64928,13.48894,1.549831E+008,0,0,0.5,0.02033333,111.6853,7.124888
"2016-08-06 09:50:00",64929,13.96826,1.549831E+008,0,0,0,0,0,0
"2016-08-06 10:00:00",64930,14.26962,1.549831E+008,0.7,0,0.8,0.06916668,0,0
"2016-08-06 10:10:00",64931,14.10257,1.549831E+008,0.4,0,1.6,0.8971676,0,0
"2016-08-06 10:20:00",64932,14.79511,1.549831E+008,0,0,1.5,0.8374997,0,0
"2016-08-06 10:30:00",64933,14.66164,1.549831E+008,0,0,1.4,0.2408335,0,0
"2016-08-06 10:40:00",64934,14.09922,1.549831E+008,0.4,0,0.9,0.3989995,314.873,12.38089
"2016-08-06 10:50:00",64935,14.74139,1.549831E+008,1.3,0.3,2.1,1.167167,0,0
"2016-08-06 11:00:00",64936,14.72712,1.549831E+008,1.1,0.1,2.6,1.252167,0,0
"2016-08-06 11:10:00",64937,14.69018,1.549831E+008,3,0,4,1.634166,0,0
"2016-08-06 11:20:00",64938,14.7204,1.549831E+008,2.6,1.3,4.3,2.725001,181.1136,18.45948
"2016-08-06 11:30:00",64939,14.71788,1.549831E+008,3,1.2,4.2,2.629668,198.9596,19.12082
"2016-08-06 11:40:00",64940,14.70865,1.549831E+008,2.6,2.2,4.5,3.272666,200.9005,10.00162
"2016-08-06 11:50:00",64941,14.69018,1.549831E+008,1.4,1.1,4.3,2.917001,194.9179,15.38708
"2016-08-06 12:00:00",64942,14.67339,1.549831E+008,1.9,0.3,3.9,2.190168,0,0
"2016-08-06 12:10:00",64943,14.69606,1.549831E+008,2.5,1.9,3.4,2.658166,328.9274,11.29341
"2016-08-06 12:20:00",64944,14.67255,1.549831E+008,2.2,2.1,3.4,2.765332,328.4918,7.21787
"2016-08-06 12:30:00",64945,14.66667,1.549831E+008,3.1,2.1,3.5,2.776999,323.1381,7.350574
"2016-08-06 12:40:00",64946,14.66332,1.549831E+008,2,1.6,3.4,2.520664,307.0596,9.987014
"2016-08-06 12:50:00",64947,14.65744,1.549831E+008,2.6,1.5,2.9,2.053666,0,0
"2016-08-06 13:00:00",64948,14.65073,1.549831E+008,2.6,2,3.1,2.453832,309.0829,12.5906
"2016-08-06 13:10:00",64949,14.65828,1.549831E+008,2,1.6,3,2.361833,318.0296,13.90455
"2016-08-06 13:20:00",64950,14.63729,1.549831E+008,2.4,1.2,3.1,2.13517,294.779,17.69221
"2016-08-06 13:30:00",64951,14.62806,1.549831E+008,2.5,1.5,3.4,2.410332,316.7601,11.5153
"2016-08-06 13:40:00",64952,14.63562,1.549831E+008,2.5,1.8,2.9,2.3535,313.8373,9.854918
"2016-08-06 13:50:00",64953,14.63394,1.549831E+008,1.3,1.2,2.9,2.314001,303.6401,14.34671
"2016-08-06 14:00:00",64954,14.62806,1.549831E+008,2.6,1.1,3.2,2.045999,0,0
"2016-08-06 14:10:00",64955,14.62554,1.549831E+008,2.2,1.3,3,2.156669,290.2257,9.949779
"2016-08-06 14:20:00",64956,14.61379,1.549831E+008,2.2,1.6,2.9,2.401999,292.777,8.182337
"2016-08-06 14:30:00",64957,14.61043,1.549831E+008,1.9,1.7,3,2.207834,300.6077,9.890129
"2016-08-06 14:40:00",64958,14.60456,1.549831E+008,2.1,1.5,2.7,2.100833,304.2849,7.535517
"2016-08-06 14:50:00",64959,14.59868,1.549831E+008,1.7,1.2,2.4,1.8375,303.7222,7.341673
"2016-08-06 15:00:00",64960,14.58945,1.549831E+008,1.4,1,1.9,1.474165,303.4432,10.38421
"2016-08-06 15:10:00",64961,14.58525,1.549831E+008,1.9,1.1,2.2,1.5735,302.2395,7.522416
"2016-08-06 15:20:00",64962,14.58693,1.549831E+008,1.2,0.9,2.4,1.767334,295.6893,15.02473
"2016-08-06 15:30:00",64963,14.58861,1.549831E+008,1.6,0.6,1.9,1.328333,304.2449,15.76224
"2016-08-06 15:40:00",64964,14.59113,1.549831E+008,1.3,1.1,3.8,1.877335,0,0
"2016-08-06 15:50:00",64965,14.59281,1.549831E+008,3.2,1,3.9,1.904001,0,0
"2016-08-06 16:00:00",64966,14.59448,1.549831E+008,2.1,1,3.9,2.534666,0,0
"2016-08-06 16:10:00",64967,14.58693,1.549831E+008,4.4,0.4,4.5,2.460832,0,0
"2016-08-06 16:20:00",64968,14.59784,1.549831E+008,2.9,1.3,4.4,2.407667,0,0
"2016-08-06 16:30:00",64969,14.597,1.549831E+008,2.3,1,4.2,2.552334,0,0
"2016-08-06 16:40:00",64970,14.59197,1.549831E+008,2.4,1.1,3.8,2.277999,0,0
"2016-08-06 16:50:00",64971,13.32609,1.549831E+008,2.8,1,3.9,2.476,0,0
"2016-08-06 17:00:00",64972,13.15485,1.549831E+008,1.5,1.2,3.5,2.115166,0,0
"2016-08-06 17:10:00",64973,13.09189,1.549831E+008,1.7,0.6,2.5,1.442333,0,0
"2016-08-06 17:20:00",64974,13.04992,1.549831E+008,1.2,0.6,2.2,1.271832,0,0
"2016-08-06 17:30:00",64975,13.02641,1.549831E+008,0.7,0,1.8,1.037668,0,0
"2016-08-06 17:40:00",64976,12.99116,1.549831E+008,0.8,0,0.9,0.4575009,0,0
"2016-08-06 17:50:00",64977,12.98528,1.549831E+008,1.6,0.3,1.7,1.008999,0,0
"2016-08-06 18:00:00",64978,12.98444,1.549831E+008,1.5,0.6,2.2,1.306834,83.42662,15.13065
"2016-08-06 18:10:00",64979,12.97437,1.549831E+008,1.5,1,1.9,1.460498,83.46046,10.22037
"2016-08-06 18:20:00",64980,12.96513,1.549831E+008,0,0,1.7,0.8170006,106.1508,19.74754
"2016-08-06 18:30:00",64981,12.95758,1.549831E+008,1,0,1.3,0.4621666,72.32735,8.036291
"2016-08-06 18:40:00",64982,12.95002,1.549831E+008,0.9,0.2,1.5,1.033002,89.76894,12.07784
"2016-08-06 18:50:00",64983,12.94247,1.549831E+008,2.1,0.3,2.1,1.301,82.34135,8.597197
"2016-08-06 19:00:00",64984,12.93239,1.549831E+008,1.5,1,1.9,1.489501,84.59529,6.410185
"2016-08-06 19:10:00",64985,12.924,1.549831E+008,1.1,0.8,1.8,1.303167,70.3923,8.042269
"2016-08-06 19:20:00",64986,12.91477,1.549831E+008,1.3,0.9,1.7,1.277668,87.27963,6.41596
"2016-08-06 19:30:00",64987,12.91561,1.549831E+008,0.9,0.2,1.5,0.9808341,103.7881,16.64694
"2016-08-06 19:40:00",64988,12.90553,1.549831E+008,1,0,1.8,0.758166,78.19815,13.715
"2016-08-06 19:50:00",64989,12.90973,1.549831E+008,1.2,0.5,1.5,1.049332,86.44201,11.09931
"2016-08-06 20:00:00",64990,12.88958,1.549831E+008,0.7,0,1.5,0.7741681,95.00665,14.68457
"2016-08-06 20:10:00",64991,12.9005,1.549831E+008,0.9,0,1.8,0.5121663,0,0
"2016-08-06 20:20:00",64992,12.89042,1.549831E+008,1.3,0.2,1.4,0.6954996,108.0453,16.3459
"2016-08-06 20:30:00",64993,12.88371,1.549831E+008,1.3,0.5,1.7,0.9699995,105.6528,13.16566
"2016-08-06 20:40:00",64994,12.89042,1.549831E+008,1.4,0.6,1.5,1.091834,88.90469,8.114427
"2016-08-06 20:50:00",64995,12.87363,1.549831E+008,1.3,0.7,1.6,1.307669,90.48622,6.43861
"2016-08-06 21:00:00",64996,12.86776,1.549831E+008,2.3,1.1,2.5,1.760501,83.76616,6.997414
"2016-08-06 21:10:00",64997,12.86272,1.549831E+008,0,0,2.6,1.566668,0,0
"2016-08-06 21:20:00",64998,12.87028,1.549831E+008,0.9,0,1.6,0.920165,0,0
"2016-08-06 21:30:00",64999,12.86776,1.549831E+008,0.8,0.4,1.5,0.9193338,0,0
"2016-08-06 21:40:00",65000,12.85517,1.549831E+008,1.5,0,1.6,0.5901671,0,0
"2016-08-06 21:50:00",65001,12.86104,1.549831E+008,1.1,0,1.8,0.9618331,98.55522,18.91619
"2016-08-06 22:00:00",65002,12.84593,1.549831E+008,0.3,0,1.7,0.6270008,156.5612,50.27436
"2016-08-06 22:10:00",65003,12.85181,1.549831E+008,0.4,0,1.5,0.3178333,0,0
"2016-08-06 22:20:00",65004,12.8283,1.549831E+008,0.7,0,1,0.1725,0,0
"2016-08-06 22:30:00",65005,12.84425,1.549831E+008,1.3,0,1.8,0.6938339,0,0
"2016-08-06 22:40:00",65006,12.85265,1.549831E+008,0.6,0.3,1.6,0.9695,86.09345,8.3234
"2016-08-06 22:50:00",65007,12.83922,1.549831E+008,1.2,0,2.3,0.9131666,85.80599,12.43687
"2016-08-06 23:00:00",65008,12.8325,1.549831E+008,1.2,0,1.8,0.6763334,98.29136,24.04085
"2016-08-06 23:10:00",65009,12.82914,1.549831E+008,1,0,1.6,1.009,89.93543,12.48215
"2016-08-06 23:20:00",65010,12.83082,1.549831E+008,1.5,0,2.2,1.127332,100.3621,17.42801
"2016-08-06 23:30:00",65011,12.81571,1.549831E+008,0.6,0,2,0.8971674,95.97153,22.52036
"2016-08-06 23:40:00",65012,12.81655,1.549831E+008,1.3,0,1.5,0.5593336,106.3569,15.0031
"2016-08-06 23:50:00",65013,12.81655,1.549831E+008,0.6,0,1.6,0.5418336,0,0
"2016-08-07 00:00:00",65014,12.80816,1.549831E+008,1.1,0,1.3,0.3615,98.53289,16.97565
"2016-08-07 00:10:00",65015,12.8006,1.549831E+008,0,0,1.8,0.5673329,0,0
"2016-08-07 00:20:00",65016,12.77878,1.549831E+008,0,0,1,0.4229997,0,0
"2016-08-07 00:30:00",65017,12.79557,1.549831E+008,1.5,0,1.6,0.2833334,0,0
"2016-08-07 00:40:00",65018,12.79053,1.549831E+008,1.3,0,1.6,0.3995003,0,0
"2016-08-07 00:50:00",65019,12.77794,1.549831E+008,0,0,1.4,0.4628335,0,0
"2016-08-07 01:00:00",65020,12.79473,1.549831E+008,0,0,0.8,0.0918333,0,0
"2016-08-07 01:10:00",65021,12.78717,1.549831E+008,1.1,0,1.5,0.9966645,89.88187,8.398001
"2016-08-07 01:20:00",65022,12.78465,1.549831E+008,0.7,0.5,1.4,0.9011672,86.54069,8.473526
"2016-08-07 01:30:00",65023,12.77962,1.549831E+008,0.5,0,1.2,0.4704993,0,0
"2016-08-07 01:40:00",65024,12.75443,1.549831E+008,0,0,1.1,0.3933336,0,0
"2016-08-07 01:50:00",65025,12.77206,1.549831E+008,0.6,0,1,0.2839999,0,0
"2016-08-07 02:00:00",65026,12.77038,1.549831E+008,0.9,0,1.3,0.5656671,0,0
"2016-08-07 02:10:00",65027,12.74688,1.549831E+008,0.1,0,1.7,0.7570013,0,0
"2016-08-07 02:20:00",65028,12.75779,1.549831E+008,0.8,0,0.8,0.0525,0,0
"2016-08-07 02:30:00",65029,12.75024,1.549831E+008,0,0,1.1,0.2951668,0,0
"2016-08-07 02:40:00",65030,12.74772,1.549831E+008,0.3,0,0.7,0.07199997,138.3225,5.718622
"2016-08-07 02:50:00",65031,12.75443,1.549831E+008,1.1,0.1,1.2,0.5986672,132.1392,23.06275
"2016-08-07 03:00:00",65032,12.72673,1.549831E+008,0.4,0,1.4,0.6083321,0,0
"2016-08-07 03:10:00",65033,12.72589,1.549831E+008,0,0,1.7,0.3565,0,0
"2016-08-07 03:20:00",65034,12.73345,1.549831E+008,0,0,0.4,0.02466667,0,0
"2016-08-07 03:30:00",65035,12.72002,1.549831E+008,0,0,0.6,0.07583331,0,0
"2016-08-07 03:40:00",65036,12.70994,1.549831E+008,1,0,1.7,0.7923326,0,0
"2016-08-07 03:50:00",65037,12.71918,1.549831E+008,0.8,0,1.1,0.5009997,0,0
"2016-08-07 04:00:00",65038,12.71834,1.549831E+008,0.8,0.5,1.7,1.151666,108.1032,9.871148
"2016-08-07 04:10:00",65039,12.69315,1.549831E+008,0,0,0.9,0.1811666,0,0
"2016-08-07 04:20:00",65040,12.68644,1.549831E+008,0.4,0,1.4,0.4035,0,0
"2016-08-07 04:30:00",65041,12.69903,1.549831E+008,1.2,0,1.5,0.7489996,0,0
"2016-08-07 04:40:00",65042,12.67553,1.549831E+008,1.5,0.5,1.8,1.066502,0,0
"2016-08-07 04:50:00",65043,12.67804,1.549831E+008,1.4,0.2,1.5,0.8129994,0,0
"2016-08-07 05:00:00",65044,12.67217,1.549831E+008,0.9,0,1.7,0.8359991,0,0
"2016-08-07 05:10:00",65045,12.68392,1.549831E+008,1.5,0.4,1.9,1.113499,0,0
"2016-08-07 05:20:00",65046,12.67469,1.549831E+008,0.9,0.5,2,1.139833,0,0
"2016-08-07 05:30:00",65047,12.67301,1.549831E+008,0.8,0.3,2.9,1.422833,0,0
"2016-08-07 05:40:00",65048,12.67385,1.549831E+008,1.1,0.5,1.7,0.9564993,0,0
"2016-08-07 05:50:00",65049,12.67469,1.549831E+008,0.9,0.5,1.5,0.9746661,89.12943,13.36048
"2016-08-07 06:00:00",65050,12.65286,1.549831E+008,1.3,0.5,2,1.0435,0,0
"2016-08-07 06:10:00",65051,12.6537,1.549831E+008,1.3,0.6,1.9,1.264667,0,0
"2016-08-07 06:20:00",65052,12.65118,1.549831E+008,1.6,0.5,2.9,1.727667,0,0
"2016-08-07 06:30:00",65053,12.66126,1.549831E+008,1,0.2,1.6,0.7976664,0,0
"2016-08-07 06:40:00",65054,12.65958,1.549831E+008,1.2,0.2,1.9,0.9026667,0,0
"2016-08-07 06:50:00",65055,12.65034,1.549831E+008,0.5,0,1.9,0.6765002,0,0
"2016-08-07 07:00:00",65056,12.65118,1.549831E+008,1.2,0,1.3,0.6315016,0,0
"2016-08-07 07:10:00",65057,12.64699,1.549831E+008,0,0,2.2,0.7386671,0,0
"2016-08-07 07:20:00",65058,12.62768,1.549831E+008,1.2,0,1.3,0.6765005,0,0
"2016-08-07 07:30:00",65059,12.626,1.549831E+008,0.7,0.7,1.5,1.031665,0,0
"2016-08-07 07:40:00",65060,12.65874,1.549831E+008,1.3,0,1.5,0.7473334,0,0
"2016-08-07 07:50:00",65061,12.68308,1.549831E+008,0.9,0.5,1.9,1.1035,79.88444,14.32152
"2016-08-07 08:00:00",65062,12.73177,1.549831E+008,0.8,0.2,1.8,0.7651663,0,0
"2016-08-07 08:10:00",65063,12.78969,1.549831E+008,2.6,0.5,2.7,1.256333,0,0
"2016-08-07 08:20:00",65064,13.03229,1.549831E+008,1.7,0.4,3,1.210332,0,0
"2016-08-07 08:30:00",65065,13.53259,1.549831E+008,2.1,0,3.1,1.0825,0,0
"2016-08-07 08:40:00",65066,13.98169,1.549831E+008,1.5,0,2.6,1.189833,0,0
"2016-08-07 08:50:00",65067,14.0648,1.549831E+008,1.9,0.4,3,1.306,0,0
"2016-08-07 09:00:00",65068,14.17644,1.549831E+008,1.5,0,3.7,1.570001,0,0
"2016-08-07 09:10:00",65069,14.70949,1.549831E+008,1.8,0.5,4.4,2.021167,0,0
"2016-08-07 09:20:00",65070,13.97582,1.549831E+008,2.7,1,4,2.460999,0,0
"2016-08-07 09:30:00",65071,14.71201,1.549831E+008,3.2,1.4,4.4,2.659832,0,0
"2016-08-07 09:40:00",65072,14.69773,1.549831E+008,2.5,1.1,4.9,2.702502,0,0
"2016-08-07 09:50:00",65073,14.73467,1.549831E+008,2.6,1.3,4.8,2.790667,0,0
"2016-08-07 10:00:00",65074,14.67087,1.549831E+008,2.3,2.3,5.8,3.765499,0,0
"2016-08-07 10:10:00",65075,14.67003,1.549831E+008,3.2,1.7,5.2,3.317001,0,0
"2016-08-07 10:20:00",65076,14.67423,1.549831E+008,1.8,1.7,4.3,2.977834,0,0
"2016-08-07 10:30:00",65077,14.67591,1.549831E+008,2.8,1,4.1,2.368665,0,0
"2016-08-07 10:40:00",65078,14.70277,1.549831E+008,1.9,1.1,4.1,2.441833,0,0
"2016-08-07 10:50:00",65079,14.67171,1.549831E+008,2.3,0.4,3.7,1.691001,0,0
"2016-08-07 11:00:00",65080,14.68598,1.549831E+008,1.6,0.3,4.2,2.077832,0,0
"2016-08-07 11:10:00",65081,14.66752,1.549831E+008,1,0.3,3.6,1.827001,0,0
"2016-08-07 11:20:00",65082,14.68011,1.549831E+008,1,0.7,4.3,2.2075,0,0
"2016-08-07 11:30:00",65083,14.67675,1.549831E+008,0.6,0.2,3.5,1.801333,0,0
"2016-08-07 11:40:00",65084,14.6608,1.549831E+008,3.2,0.4,4.1,2.035333,0,0
"2016-08-07 11:50:00",65085,14.67843,1.549831E+008,1.3,0.5,3.7,1.670833,0,0
"2016-08-07 12:00:00",65086,14.64485,1.549831E+008,3.6,0.9,5.2,2.991498,0,0
"2016-08-07 12:10:00",65087,14.63226,1.549831E+008,1.7,1,4.6,2.635832,0,0
"2016-08-07 12:20:00",65088,14.6289,1.549831E+008,1.5,0.7,4.3,2.203001,0,0
"2016-08-07 12:30:00",65089,14.63478,1.549831E+008,1.8,0.6,3.6,2.071666,0,0
"2016-08-07 12:40:00",65090,14.62302,1.549831E+008,2.4,0.2,4.8,2.074833,0,0
"2016-08-07 12:50:00",65091,14.61967,1.549831E+008,2.6,0.9,6,2.807167,0,0
"2016-08-07 13:00:00",65092,14.61463,1.549831E+008,1.3,0.3,3.9,1.8965,0,0
"2016-08-07 13:10:00",65093,14.59616,1.549831E+008,1.9,0.3,5.4,2.667,0,0
"2016-08-07 13:20:00",65094,14.61379,1.549831E+008,3.2,0.8,3.6,1.961334,0,0
"2016-08-07 13:30:00",65095,14.61631,1.549831E+008,1,0.7,4.4,2.172502,220.124,23.79467
"2016-08-07 13:40:00",65096,14.61715,1.549831E+008,1.9,0.4,2.4,1.621665,219.9215,29.72067
"2016-08-07 13:50:00",65097,14.63058,1.549831E+008,1.3,0.9,2.4,1.6835,217.1967,14.15541
"2016-08-07 14:00:00",65098,14.62386,1.549831E+008,1.5,0.7,1.8,1.391502,243.6666,13.22165
"2016-08-07 14:10:00",65099,14.64485,1.549831E+008,1.9,1.1,3,1.979665,253.2365,14.73844
"2016-08-07 14:20:00",65100,14.63646,1.549831E+008,2.1,1,2.8,1.736501,272.8674,15.11089
"2016-08-07 14:30:00",65101,14.64905,1.549831E+008,2,1,2.6,1.752667,266.2242,20.11393
"2016-08-07 14:40:00",65102,14.65073,1.549831E+008,1.4,1.1,2.2,1.635333,222.0422,13.35905
"2016-08-07 14:50:00",65103,14.65157,1.549831E+008,0.9,0.7,1.8,1.275501,230.415,11.07247
"2016-08-07 15:00:00",65104,14.65828,1.549831E+008,1.2,0.9,1.8,1.323335,225.2589,9.898088
"2016-08-07 15:10:00",65105,14.12188,1.549831E+008,1.7,0.8,1.7,1.17017,227.7838,9.906103
"2016-08-07 15:20:00",65106,13.47719,1.549831E+008,1.2,0.7,1.6,1.1635,222.1065,10.16065
"2016-08-07 15:30:00",65107,14.67003,1.549831E+008,0.7,0.7,1.4,1.112835,215.4709,9.23458
"2016-08-07 15:40:00",65108,14.66164,1.549831E+008,0.7,0.3,0.9,0.6390006,223.966,11.85265
"2016-08-07 15:50:00",65109,14.27298,1.549831E+008,0.8,0.2,1,0.6545004,248.5193,11.08569
"2016-08-07 16:00:00",65110,14.14371,1.549831E+008,0,0,0.9,0.3506669,240.2903,7.904963
"2016-08-07 16:10:00",65111,13.21025,1.549831E+008,0,0,0.4,0.006,0,0
"2016-08-07 16:20:00",65112,14.67843,1.549831E+008,2.2,0,2.7,0.5791667,0,0
"2016-08-07 16:30:00",65113,13.31602,1.549831E+008,1.9,0.7,3,1.739334,0,0
"2016-08-07 16:40:00",65114,13.19346,1.549831E+008,2.6,1.8,3.5,2.651667,0,0
"2016-08-07 16:50:00",65115,13.18423,1.549831E+008,2.4,1,4.4,2.439167,0,0
"2016-08-07 17:00:00",65116,13.14981,1.549831E+008,1.9,0.8,3.4,2.262168,0,0
"2016-08-07 17:10:00",65117,13.11623,1.549831E+008,1.4,0.8,2.6,1.719,0,0
"2016-08-07 17:20:00",65118,13.09021,1.549831E+008,1.6,0.7,2.8,1.670166,0,0
"2016-08-07 17:30:00",65119,13.02977,1.549831E+008,1.9,0.5,2.1,1.494834,0,0
"2016-08-07 17:40:00",65120,12.99032,1.549831E+008,0.9,0.5,2.3,1.337999,0,0
"2016-08-07 17:50:00",65121,12.97269,1.549831E+008,1.3,0.7,2,1.274499,0,0
"2016-08-07 18:00:00",65122,12.96933,1.549831E+008,1.4,0.7,2.3,1.451334,0,0
"2016-08-07 18:10:00",65123,12.9601,1.549831E+008,0.5,0.4,2.1,1.334167,0,0
"2016-08-07 18:20:00",65124,12.96094,1.549831E+008,1.6,0.2,2,1.295,0,0
"2016-08-07 18:30:00",65125,12.95086,1.549831E+008,1.1,0.9,1.9,1.467834,81.80475,8.357805
"2016-08-07 18:40:00",65126,12.93911,1.549831E+008,1.1,0.8,1.8,1.367166,95.98276,9.946384
"2016-08-07 18:50:00",65127,12.92988,1.549831E+008,2.5,0.6,3.3,1.683833,101.9304,17.53073
"2016-08-07 19:00:00",65128,12.92988,1.549831E+008,1.3,0.8,3.8,1.943501,90.00073,18.01091
"2016-08-07 19:10:00",65129,12.91812,1.549831E+008,0.9,0,1.6,0.8916664,71.30789,15.48621
"2016-08-07 19:20:00",65130,12.91561,1.549831E+008,0,0,1.3,0.6554998,79.12635,11.78065
"2016-08-07 19:30:00",65131,12.91645,1.549831E+008,1.5,0,1.9,0.6576669,118.9857,18.45238
"2016-08-07 19:40:00",65132,12.91225,1.549831E+008,0.8,0.4,1.7,1.133666,0,0
"2016-08-07 19:50:00",65133,12.90217,1.549831E+008,0.8,0,1.1,0.4314999,0,0
"2016-08-07 20:00:00",65134,12.89294,1.549831E+008,0.6,0.1,1.4,0.8101675,0,0
"2016-08-07 20:10:00",65135,12.89714,1.549831E+008,1.3,0.1,1.4,0.8064995,0,0
"2016-08-07 20:20:00",65136,12.89966,1.549831E+008,0.7,0,1.8,0.6608335,0,0
"2016-08-07 20:30:00",65137,12.8921,1.549831E+008,1.1,0.2,1.5,0.9956654,91.47464,13.18979
"2016-08-07 20:40:00",65138,12.8963,1.549831E+008,0,0,1.2,0.4451673,0,0
"2016-08-07 20:50:00",65139,12.8879,1.549831E+008,1.3,0,1.7,0.9773334,0,0
"2016-08-07 21:00:00",65140,12.88455,1.549831E+008,0.8,0.4,1.5,1.054001,68.55222,16.65593
"2016-08-07 21:10:00",65141,12.86524,1.549831E+008,0.6,0.3,2,0.9728306,0,0
"2016-08-07 21:20:00",65142,12.8728,1.549831E+008,2,0.7,2.5,1.311,0,0
"2016-08-07 21:30:00",65143,12.86608,1.549831E+008,1.9,1.1,3.3,2.272834,0,0
"2016-08-07 21:40:00",65144,12.8644,1.549831E+008,1.5,0.8,3.8,2.3125,0,0
"2016-08-07 21:50:00",65145,12.85685,1.549831E+008,1.6,1.2,3.3,2.027998,0,0
"2016-08-07 22:00:00",65146,12.84929,1.549831E+008,2.3,0.6,2.9,1.722833,0,0
"2016-08-07 22:10:00",65147,12.84593,1.549831E+008,2.6,1.4,3.5,2.537669,0,0
"2016-08-07 22:20:00",65148,12.84341,1.549831E+008,1.5,1.1,3.4,2.284166,0,0
"2016-08-07 22:30:00",65149,12.85433,1.549831E+008,1.7,0.8,3.3,2.163833,0,0
"2016-08-07 22:40:00",65150,12.83418,1.549831E+008,1.4,0.8,2.1,1.525833,0,0
"2016-08-07 22:50:00",65151,12.8367,1.549831E+008,1.7,1,2.3,1.606166,0,0
"2016-08-07 23:00:00",65152,12.84006,1.549831E+008,1,0.6,1.9,1.060667,0,0
"2016-08-07 23:10:00",65153,12.84761,1.549831E+008,1.1,0.4,1.6,0.9153334,0,0
"2016-08-07 23:20:00",65154,12.82243,1.549831E+008,1.2,0.1,1.7,0.9393338,0,0
"2016-08-07 23:30:00",65155,12.83922,1.549831E+008,1.3,0,1.7,0.9956663,0,0
"2016-08-07 23:40:00",65156,12.83838,1.549831E+008,0.7,0.4,1.5,0.9269993,0,0
"2016-08-07 23:50:00",65157,12.83838,1.549831E+008,1.5,0.7,2,1.541,86.30685,10.82852
"2016-08-08 00:00:00",65158,12.82579,1.549831E+008,1.5,1.3,2.1,1.612666,92.15918,7.938543
"2016-08-08 00:10:00",65159,12.82411,1.549831E+008,0.6,0,1.6,0.6256672,98.63223,8.338047
"2016-08-08 00:20:00",65160,12.8283,1.549831E+008,1,0,1.3,0.5445002,0,0
"2016-08-08 00:30:00",65161,12.81068,1.549831E+008,1.2,0,1.9,1.051332,81.66093,13.0155
"2016-08-08 00:40:00",65162,12.81487,1.549831E+008,1.2,0.8,1.4,1.097,94.00352,9.280174
"2016-08-08 00:50:00",65163,12.80396,1.549831E+008,0.8,0.5,1.4,1.027834,0,0
"2016-08-08 01:00:00",65164,12.80648,1.549831E+008,1,0,1.1,0.4458337,0,0
"2016-08-08 01:10:00",65165,12.79557,1.549831E+008,1.7,0.7,1.9,1.382167,89.32797,4.783694
"2016-08-08 01:20:00",65166,12.78717,1.549831E+008,0.5,0,2,1.247169,0,0
"2016-08-08 01:30:00",65167,12.79473,1.549831E+008,0.4,0,1.7,0.4265,285.9444,53.03278
"2016-08-08 01:40:00",65168,12.79053,1.549831E+008,1.7,0.3,1.9,0.9880003,89.22937,8.180199
"2016-08-08 01:50:00",65169,12.78717,1.549831E+008,1.2,1.1,1.9,1.402667,87.41127,8.395806
"2016-08-08 02:00:00",65170,12.77374,1.549831E+008,1.3,0.3,1.7,1.242333,84.60155,6.598192
"2016-08-08 02:10:00",65171,12.78046,1.549831E+008,2.4,0.8,2.6,1.469335,89.6091,8.227709
"2016-08-08 02:20:00",65172,12.77542,1.549831E+008,1.8,1.2,2.6,1.985505,87.716,5.501745
"2016-08-08 02:30:00",65173,12.75863,1.549831E+008,1.4,0.6,1.8,1.252333,0,0
"2016-08-08 02:40:00",65174,12.76367,1.549831E+008,0.8,0.5,1.6,1.084999,87.35835,7.563229
"2016-08-08 02:50:00",65175,12.75611,1.549831E+008,0.2,0,1.2,0.5996671,137.2478,35.16597
"2016-08-08 03:00:00",65176,12.75191,1.549831E+008,1.2,0,1.2,0.2993333,110.7165,8.130802
"2016-08-08 03:10:00",65177,12.7494,1.549831E+008,0.5,0.3,2.5,1.544169,85.23558,7.977301
"2016-08-08 03:20:00",65178,12.7175,1.549831E+008,1.7,0.3,1.9,1.049833,0,0
"2016-08-08 03:30:00",65179,12.72254,1.549831E+008,2,0.6,2.3,1.478498,0,0
"2016-08-08 03:40:00",65180,12.73093,1.549831E+008,0.6,0.4,2.3,1.260832,98.69213,14.81508
"2016-08-08 03:50:00",65181,12.72254,1.549831E+008,1,0.5,1.9,1.116333,124.9898,29.67099
"2016-08-08 04:00:00",65182,12.71582,1.549831E+008,1,0,1.3,0.7688338,96.84474,14.04515
"2016-08-08 04:10:00",65183,12.69315,1.549831E+008,0.5,0.3,2,1.192167,0,0
"2016-08-08 04:20:00",65184,12.70743,1.549831E+008,1.4,0,1.6,0.5486663,0,0
"2016-08-08 04:30:00",65185,12.70239,1.549831E+008,1.1,0.4,1.6,0.986664,127.7173,21.68897
"2016-08-08 04:40:00",65186,12.69903,1.549831E+008,0,0,1.2,0.4225006,0,0
"2016-08-08 04:50:00",65187,12.6898,1.549831E+008,1.2,0,1.3,0.613,0,0
"2016-08-08 05:00:00",65188,12.68056,1.549831E+008,0.7,0.2,1.8,1.0835,84.54678,10.80723
"2016-08-08 05:10:00",65189,12.67385,1.549831E+008,1.2,0.7,1.3,1.018167,100.9505,14.48826
"2016-08-08 05:20:00",65190,12.67469,1.549831E+008,0.1,0.1,1.6,1.027996,0,0
"2016-08-08 05:30:00",65191,12.66629,1.549831E+008,0,0,1.3,0.6631666,97.33984,16.84718
"2016-08-08 05:40:00",65192,12.66126,1.549831E+008,1.2,0,1.6,0.7419995,0,0
"2016-08-08 05:50:00",65193,12.66126,1.549831E+008,0.8,0.5,1.3,0.9729989,80.66047,10.26743
"2016-08-08 06:00:00",65194,12.65034,1.549831E+008,0.4,0.2,1.6,0.8353336,111.3979,16.25206
"2016-08-08 06:10:00",65195,12.65622,1.549831E+008,0.7,0.3,1.6,1.120502,81.26172,12.85915
"2016-08-08 06:20:00",65196,12.63272,1.549831E+008,0,0,1.2,0.7189998,0,0
"2016-08-08 06:30:00",65197,12.64195,1.549831E+008,1.6,0,1.7,1.198499,102.3574,9.428322
"2016-08-08 06:40:00",65198,12.64111,1.549831E+008,0.4,0.4,2,1.3245,91.62003,9.01927
"2016-08-08 06:50:00",65199,12.63691,1.549831E+008,0.9,0,0.9,0.3043333,0,0
"2016-08-08 07:00:00",65200,12.63355,1.549831E+008,1.7,0.4,1.8,1.388498,89.14656,13.00817
"2016-08-08 07:10:00",65201,12.63272,1.549831E+008,1.4,0.8,1.8,1.3025,102.3847,11.24948
"2016-08-08 07:20:00",65202,12.63272,1.549831E+008,0.8,0.4,1.9,1.411165,90.51698,9.155409
"2016-08-08 07:30:00",65203,12.63439,1.549831E+008,1,0.3,1.5,1.058333,82.28062,14.82086
"2016-08-08 07:40:00",65204,12.64195,1.549831E+008,0,0,1.1,0.2053333,0,0
"2016-08-08 07:50:00",65205,12.66545,1.549831E+008,0,0,1.1,0.2866665,0,0
"2016-08-08 08:00:00",65206,12.69483,1.549831E+008,0.2,0,0.8,0.0665,0,0
"2016-08-08 08:10:00",65207,12.73513,1.549831E+008,0,0,0.9,0.2478333,108.3591,13.62459
"2016-08-08 08:20:00",65208,12.92316,1.549831E+008,0.7,0,0.8,0.06883337,145.8193,13.65544
"2016-08-08 08:30:00",65209,13.37226,1.549831E+008,1,0.2,1.6,0.9523338,98.06133,14.82326
"2016-08-08 08:40:00",65210,13.81464,1.549831E+008,0,0,1.2,0.356833,0,0
"2016-08-08 08:50:00",65211,14.05556,1.549831E+008,1.1,0,1.3,0.3141668,0,0
"2016-08-08 09:00:00",65212,13.91957,1.549831E+008,1,0.4,2.2,1.051667,0,0
"2016-08-08 09:10:00",65213,14.07151,1.549831E+008,1.5,0.3,2.7,1.416668,0,0
"2016-08-08 09:20:00",65214,14.14622,1.549831E+008,0.8,0,1.8,0.9163332,0,0
"2016-08-08 09:30:00",65215,14.46773,1.549831E+008,1.7,0.3,2.3,1.146833,0,0
"2016-08-08 09:40:00",65216,14.80099,1.549831E+008,2.1,1,4.5,2.703168,0,0
"2016-08-08 09:50:00",65217,14.37539,1.549831E+008,2.6,1.6,4.9,3.087168,0,0
"2016-08-08 10:00:00",65218,13.78526,1.549831E+008,2.9,1.6,4.6,3.295833,0,0
"2016-08-08 10:10:00",65219,14.76069,1.549831E+008,5,2.4,8.1,5.2985,0,0
"2016-08-08 10:20:00",65220,14.78,1.549831E+008,5.3,2.9,6.4,4.762664,0,0
"2016-08-08 10:30:00",65221,14.58945,1.549831E+008,4.6,3.3,7.1,4.937503,0,0
"2016-08-08 10:40:00",65222,14.7439,1.549832E+008,5.1,2.5,8.3,4.952167,0,0
"2016-08-08 10:50:00",65223,14.74558,1.549832E+008,3.4,1.4,6.1,3.263167,0,0
"2016-08-08 11:00:00",65224,13.47887,1.549832E+008,1.8,1.5,5.5,3.030165,0,0
"2016-08-08 11:10:00",65225,13.35211,1.549832E+008,4.2,1.3,6.9,3.769334,0,0
"2016-08-08 11:20:00",65226,13.32777,1.549832E+008,2.8,1.2,5.4,2.852334,0,0
"2016-08-08 11:30:00",65227,13.31602,1.549832E+008,2.5,1.8,6.6,4.141163,0,0
"2016-08-08 11:40:00",65228,13.36051,1.549832E+008,2.2,1.1,5.9,3.094498,0,0
"2016-08-08 11:50:00",65229,13.50573,1.549832E+008,3.1,0.8,5.7,2.6975,0,0
"2016-08-08 12:00:00",65230,13.39577,1.549832E+008,3.8,1.3,6,3.092833,0,0
"2016-08-08 12:10:00",65231,14.75482,1.549832E+008,2.5,1.5,8,3.587668,0,0
"2016-08-08 12:20:00",65232,13.46208,1.549832E+008,6.6,2.2,8.400001,4.877501,0,0
