Rating Table 130.00 Water Level (Metres) to 130.02 Surface Area (Square kilometres)
Steps: 
	1) Rating(462.1 WOODS LAKE [AT DAM]; 130.02 Surface Area (Square kilometres); R1; Grp 0)
	Water Level (m)	     +0.00	     +0.01	     +0.02	     +0.03	     +0.04	     +0.05	     +0.06	     +0.07	     +0.08	     +0.09
	     733.1	          	          	          	          	          	          	    6.945X	    6.970X	    6.994X	    7.018X
	     733.2	    7.043X	    7.067X	    7.091X	    7.115X	    7.140X	    7.164X	    7.188X	    7.212X	    7.236X	    7.260X
	     733.3	    7.284X	    7.308X	    7.331X	    7.355X	    7.379X	    7.402X	    7.426X	    7.449X	    7.473X	    7.496X
	     733.4	    7.519X	    7.542X	    7.565X	    7.588X	    7.611X	    7.633X	    7.656X	    7.678X	    7.701X	    7.723X
	     733.5	    7.745X	    7.767X	    7.789X	    7.811X	    7.833X	    7.855X	    7.877X	    7.899X	    7.921X	    7.943X
	     733.6	    7.965X	    7.987X	    8.008X	    8.030X	    8.052X	    8.074X	    8.096X	    8.118X	    8.140X	    8.162X
	     733.7	    8.183X	    8.205X	    8.227X	    8.249X	    8.271X	    8.293X	    8.315X	    8.336X	    8.358X	    8.380X
	     733.8	    8.402X	    8.424X	    8.446X	    8.467X	    8.489X	    8.511X	    8.533X	    8.555X	    8.577X	    8.598X
	     733.9	    8.620X	    8.642X	    8.664X	    8.686X	    8.708X	    8.730X	    8.752X	    8.773X	    8.795X	    8.817X
	     734.0	    8.839X	    8.861 	    8.883 	    8.905 	    8.927 	    8.949 	    8.971 	    8.993 	    9.015 	    9.037 
	     734.1	    9.059 	    9.081 	    9.103 	    9.126 	    9.148 	    9.170 	    9.192 	    9.214 	    9.236 	    9.258 
	     734.2	    9.281 	    9.303 	    9.325 	    9.347 	    9.369 	    9.391 	    9.413 	    9.435 	    9.458 	    9.480 
	     734.3	    9.502 	    9.524 	    9.546 	    9.568 	    9.590 	    9.612 	    9.634 	    9.656 	    9.678 	    9.700 
	     734.4	    9.722 	    9.744 	    9.766 	    9.788 	    9.810 	    9.832 	    9.854 	    9.875 	    9.897 	    9.919 
	     734.5	    9.941 	    9.962 	    9.984 	   10.005 	   10.025 	   10.046 	   10.066 	   10.087 	   10.107 	   10.126 
	     734.6	   10.146 	   10.165 	   10.184 	   10.203 	   10.222 	   10.241 	   10.259 	   10.278 	   10.296 	   10.314 
	     734.7	   10.332 	   10.350 	   10.367 	   10.385 	   10.402 	   10.420 	   10.437 	   10.455 	   10.472 	   10.489 
	     734.8	   10.506 	   10.523 	   10.540 	   10.557 	   10.574 	   10.591 	   10.608 	   10.625 	   10.642 	   10.659 
	     734.9	   10.676 	   10.693 	   10.711 	   10.728 	   10.745 	   10.762 	   10.780 	   10.797 	   10.815 	   10.832 
	     735.0	   10.850 	   10.868 	   10.886 	   10.905 	   10.923 	   10.942 	   10.961 	   10.981 	   11.000 	   11.020 
	     735.1	   11.040 	   11.060 	   11.080 	   11.100 	   11.120 	   11.140 	   11.161 	   11.181 	   11.201 	   11.222 
	     735.2	   11.242 	   11.262 	   11.282 	   11.303 	   11.323 	   11.343 	   11.362 	   11.382 	   11.402 	   11.421 
	     735.3	   11.440 	   11.459 	   11.478 	   11.496 	   11.514 	   11.532 	   11.550 	   11.567 	   11.584 	   11.601 
	     735.4	   11.617 	   11.633 	   11.648 	   11.663 	   11.678 	   11.692 	   11.706 	   11.719 	   11.732 	   11.744 
	     735.5	   11.756 	   11.767 	   11.778 	   11.788 	   11.797 	   11.806 	   11.814 	   11.821 	   11.828 	   11.835 
	     735.6	   11.840 	   11.845 	   11.850 	   11.855 	   11.860 	   11.864 	   11.869 	   11.873 	   11.878 	   11.882 
	     735.7	   11.886 	   11.890 	   11.894 	   11.898 	   11.902 	   11.906 	   11.910 	   11.913 	   11.917 	   11.921 
	     735.8	   11.924 	   11.928 	   11.931 	   11.935 	   11.938 	   11.942 	   11.945 	   11.949 	   11.952 	   11.956 
	     735.9	   11.959 	   11.962 	   11.966 	   11.969 	   11.973 	   11.976 	   11.980 	   11.983 	   11.987 	   11.990 
	     736.0	   11.994 	   11.998 	   12.001 	   12.005 	   12.009 	   12.012 	   12.016 	   12.020 	   12.023 	   12.027 
	     736.1	   12.031 	   12.034 	   12.038 	   12.042 	   12.045 	   12.049 	   12.053 	   12.056 	   12.060 	   12.064 
	     736.2	   12.067 	   12.071 	   12.075 	   12.078 	   12.082 	   12.086 	   12.089 	   12.093 	   12.097 	   12.100 
	     736.3	   12.104 	   12.108 	   12.112 	   12.115 	   12.119 	   12.123 	   12.126 	   12.130 	   12.134 	   12.137 
	     736.4	   12.141 	   12.145 	   12.148 	   12.152 	   12.156 	   12.159 	   12.163 	   12.167 	   12.170 	   12.174 
	     736.5	   12.178 	   12.181 	   12.185 	   12.189 	   12.192 	   12.196 	   12.200 	   12.203 	   12.207 	   12.211 
	     736.6	   12.214 	   12.218 	   12.222 	   12.225 	   12.229 	   12.233 	   12.236 	   12.240 	   12.244 	   12.247 
	     736.7	   12.251 	   12.255 	   12.258 	   12.262 	   12.266 	   12.269 	   12.273 	   12.277 	   12.280 	   12.284 
	     736.8	   12.287 	   12.291 	   12.295 	   12.298 	   12.302 	   12.306 	   12.309 	   12.313 	   12.317 	   12.320 
	     736.9	   12.324 	   12.327 	   12.331 	   12.335 	   12.338 	   12.342 	   12.346 	   12.349 	   12.353 	   12.356 
	     737.0	   12.360 	   12.364 	   12.367 	   12.371 	   12.374 	   12.378 	   12.382 	   12.385 	   12.389 	   12.393 
	     737.1	   12.396 	   12.400 	   12.403 	   12.407 	   12.411 	   12.414 	   12.418 	   12.422 	   12.425 	   12.429 
	     737.2	   12.433 	   12.436 	   12.440 	   12.443 	   12.447 	   12.451 	   12.454 	   12.458 	   12.462 	   12.465 
	     737.3	   12.469 	   12.472 	   12.476 	   12.480 	   12.483 	   12.487 	   12.490 	   12.494 	   12.498 	   12.501 
	     737.4	   12.505 	   12.508 	   12.512 	   12.516 	   12.519 	   12.523 	   12.526 	   12.530 	   12.533 	   12.537 
	     737.5	   12.541 	   12.544 	   12.548 	   12.551 	   12.555 	   12.558 	   12.562 	   12.565 	   12.569 	   12.572 
	     737.6	   12.576 	   12.579 	   12.583 	   12.586 	   12.590 	   12.593 	   12.596 	   12.600 	   12.603 	   12.607 


Rating Table 130.00 Water Level (Metres) to 130.02 Surface Area (Square kilometres)
Steps: 
	1) Rating(462.1 WOODS LAKE [AT DAM]; 130.02 Surface Area (Square kilometres); R1; Grp 0)
	Water Level (m)	     +0.00	     +0.01	     +0.02	     +0.03	     +0.04	     +0.05	     +0.06	     +0.07	     +0.08	     +0.09
	     737.7	   12.610 	   12.613 	   12.617 	   12.620 	   12.624 	   12.627 	   12.630 	   12.634 	   12.637 	   12.640 
	     737.8	   12.644 	   12.647 	   12.650 	   12.653 	   12.657 	   12.660 	   12.663 	   12.666 	   12.670 	   12.673 
	     737.9	   12.676 	   12.679 	   12.682 	   12.686 	   12.689 	   12.692 	   12.695 	   12.698 	   12.701 	   12.704 
	     738.0	   12.707 	   12.710 	   12.713 	   12.716 	   12.720 	   12.723 	   12.726 	   12.729 	   12.732 	   12.735 
	     738.1	   12.738 	   12.741 	   12.744 	   12.747 	   12.750 	   12.753 	   12.756 	   12.759 	   12.762 	   12.765 
	     738.2	   12.768 	   12.771 	   12.774 	   12.777 	   12.780 	   12.783 	   12.786 	   12.789 	   12.792 	   12.795 
	     738.3	   12.798 	   12.801 	   12.804 	   12.807 	   12.810 	   12.813 	   12.816 	   12.819 	   12.822 	   12.825 
	     738.4	   12.828 	   12.831 	   12.834 	   12.837 	   12.840 	   12.843 	   12.846 	   12.849 	   12.852 	   12.855 
	     738.5	   12.858 	   12.861 	   12.864 	   12.867 	   12.870 	   12.873 	   12.876 	   12.879 	   12.882 	   12.885 
	     738.6	   12.888 	   12.891 	   12.894 	   12.897 	   12.900 	   12.903 	   12.906 	   12.909 	   12.912 	   12.915 
	     738.7	   12.918 	   12.921 	   12.924 	   12.927 	   12.930 	   12.933 	   12.935 	   12.938 	   12.941 	   12.944 
	     738.8	   12.947 	   12.950 	   12.953 	   12.956 	   12.959 	   12.962 	   12.965 	   12.968 	   12.971 	   12.974 
	     738.9	   12.977 	   12.980 	   12.983 	   12.986 	   12.989 	   12.992 	   12.995 	   12.998 	   13.001 	   13.004 
	     739.0	   13.007 	   13.010 	   13.013 	   13.016 	   13.019 	   13.022 	   13.025 	   13.028 	   13.031 	   13.034 
	     739.1	   13.036 	   13.039 	   13.042 	   13.045 	   13.048 	   13.051 	   13.054 	   13.057 	   13.060 	   13.063 
	     739.2	   13.066 	   13.069 	   13.072 	   13.075 	   13.078 	   13.081 	   13.084 	   13.087 	   13.090 	   13.093 
	     739.3	   13.096 	   13.099 	   13.102 	   13.105 	   13.108 	   13.111 	   13.114 	   13.116 	   13.119 	   13.122 
	     739.4	   13.125 	   13.128 	   13.131 	   13.134 	   13.137 	   13.140 	   13.143 	   13.146 	   13.149 	   13.152 
	     739.5	   13.155 	   13.158 	   13.161 	   13.164 	   13.167 	   13.170 	   13.173 	   13.176 	   13.179 	   13.182 
	     739.6	   13.185 	   13.188 	   13.190 	   13.193 	   13.196 	   13.199 	   13.202 	   13.205 	   13.208 	   13.211 
	     739.7	   13.214 	   13.217 	   13.220 	   13.223 	   13.226 	   13.229 	   13.232 	   13.235 	   13.238 	   13.241 
	     739.8	   13.244 	   13.247 	   13.250 	   13.253 	   13.256 	   13.259 	   13.262 	   13.265 	   13.268 	   13.271 
	     739.9	   13.274 	   13.277 	   13.280 	   13.283 	   13.286 	   13.289 	   13.292 	   13.295 	   13.298 	   13.301 
	     740.0	   13.304 	   13.306 	   13.309 	   13.312 	   13.315 	   13.318 	   13.322 	   13.325 	   13.328 	   13.331 
	     740.1	   13.334 	   13.337 	   13.340 	   13.343 	   13.346 	   13.349 	   13.352 	   13.355 	   13.358 	   13.361 
	     740.2	   13.364 	   13.367 	   13.370 	   13.373 	   13.376 	   13.379 	   13.382 	   13.386 	   13.389 	   13.392 
	     740.3	   13.395 	   13.398 	   13.401 	   13.404 	   13.407 	   13.410 	   13.413 	   13.417 	   13.420 	   13.423 
	     740.4	   13.426 	   13.429 	   13.432 	   13.435 	   13.438 	   13.441 	   13.445 	   13.448 	   13.451 	   13.454 
	     740.5	   13.457 	   13.460 	   13.463 	   13.466 	   13.470 	   13.473 	   13.476 	   13.479 	   13.482 	   13.485 
	     740.6	   13.488 	   13.492 	   13.495 	   13.498 	   13.501 	   13.504 	   13.507 	   13.511 	   13.514 	   13.517 
	     740.7	   13.520 
